Date, Open, High, Low, Close, Volume
12/31/24, 771.00, 773.91, 764.30, 772.00, 2327004
12/30/24, 777.915, 779.76, 771.00, 773.84, 1719073
12/27/24, 790.00, 793.295, 779.22, 783.17, 2096535
12/26/24, 794.12, 803.9099, 791.50, 794.14, 1274993
12/24/24, 791.37, 797.75, 787.10, 795.67, 1165383
12/23/24, 785.17, 799.36, 773.07, 796.28, 3622297
12/20/24, 811.35, 811.35, 766.61, 767.76, 9942293
12/19/24, 765.10, 772.97, 752.395, 757.54, 4036350
12/18/24, 775.00, 779.00, 762.50, 764.71, 3354209
12/17/24, 777.86, 788.00, 772.43, 778.62, 3924764
12/16/24, 792.00, 799.7826, 775.25, 779.00, 3426211
12/13/24, 777.13, 794.245, 772.99, 789.12, 3059403
12/12/24, 796.73, 801.8365, 778.3901, 782.35, 2823840
12/11/24, 795.25, 799.4999, 786.3701, 796.03, 3510878
12/10/24, 809.265, 813.9999, 797.00, 799.58, 2695247
12/09/24, 823.70, 823.70, 801.28, 803.58, 3175956
12/06/24, 827.68, 841.00, 825.6901, 826.71, 3047127
12/05/24, 827.78, 831.13, 817.46, 825.62, 2423388
12/04/24, 828.10, 846.4629, 820.50, 829.84, 3871090
12/03/24, 802.93, 817.13, 801.61, 813.33, 2782067
12/02/24, 798.11, 805.35, 795.2201, 799.80, 2895629
11/29/24, 791.33, 800.33, 789.331, 795.35, 2206918
11/27/24, 788.12, 794.83, 780.30, 788.19, 2714656
11/26/24, 785.20, 807.00, 773.95, 789.32, 6622610
11/25/24, 750.00, 755.00, 740.01, 755.00, 5690465
11/22/24, 757.05, 761.2799, 745.0812, 748.01, 4015450
11/21/24, 746.12, 752.9999, 735.00, 749.92, 4143204
11/20/24, 735.785, 757.37, 735.46, 753.41, 5158855
11/19/24, 716.31, 730.00, 712.42, 729.73, 5832480
11/18/24, 733.19, 734.00, 711.4001, 727.20, 9154351
11/15/24, 775.19, 777.98, 744.20, 746.20, 7334562
11/14/24, 809.19, 809.19, 783.51, 786.23, 3998847
11/13/24, 820.32, 829.105, 811.29, 811.81, 3059268
11/12/24, 830.20, 833.99, 810.7201, 818.86, 3378563
11/11/24, 831.30, 844.00, 824.625, 832.44, 3342750
11/08/24, 803.50, 847.27, 801.26, 831.54, 7212870
11/07/24, 784.65, 802.55, 778.19, 797.45, 4557575
11/06/24, 817.33, 820.73, 767.61, 776.38, 8257862
11/05/24, 803.825, 809.21, 797.49, 806.06, 3733279
11/04/24, 805.00, 820.19, 803.68, 806.14, 3918122
11/01/24, 828.00, 833.00, 816.73, 818.93, 5266277
10/31/24, 836.51, 853.50, 825.24, 829.74, 6582820
10/30/24, 798.50, 860.50, 769.00, 846.83, 18257230
10/29/24, 898.21, 907.98, 898.21, 903.58, 3187510
10/28/24, 894.87, 898.2099, 890.78, 895.59, 2084102
10/25/24, 899.73, 900.96, 889.4501, 892.70, 2228327
10/24/24, 898.33, 900.00, 888.28, 891.32, 1797145
10/23/24, 905.62, 907.9499, 891.73, 903.25, 2646589
10/22/24, 901.675, 911.12, 900.2001, 909.15, 1391776
10/21/24, 917.98, 918.86, 904.56, 906.13, 1592229
10/18/24, 917.18, 920.9199, 905.62, 917.97, 2286912
10/17/24, 921.00, 930.51, 916.04, 917.12, 2191188
10/16/24, 910.03, 917.805, 897.835, 916.42, 1645364
10/15/24, 924.44, 926.52, 907.8001, 913.32, 2284189
10/14/24, 936.00, 937.00, 926.00, 929.51, 1550385
10/11/24, 916.04, 932.24, 911.1845, 932.06, 2293874
10/10/24, 920.00, 922.00, 905.15, 910.69, 1682053
10/09/24, 916.285, 921.35, 912.00, 919.74, 1820128
10/08/24, 903.00, 921.9682, 902.225, 913.72, 2200027
10/07/24, 890.51, 905.275, 889.565, 898.40, 2915667
10/04/24, 885.91, 888.97, 876.89, 887.16, 1971436
10/03/24, 889.54, 892.00, 880.88, 885.55, 1974677
10/02/24, 880.00, 893.3499, 878.70, 891.07, 1751600
10/01/24, 888.83, 891.2699, 878.87, 884.48, 2455232
09/30/24, 864.52, 887.4299, 858.81, 885.94, 3246793
09/27/24, 893.62, 901.21, 875.61, 877.79, 4377346
09/26/24, 920.255, 921.85, 905.30, 909.32, 2692979
09/25/24, 931.79, 939.30, 921.19, 924.56, 1805080
09/24/24, 922.12, 925.68, 909.20, 924.43, 2767434
09/23/24, 921.00, 922.00, 909.45, 918.52, 2291963
09/20/24, 921.99, 939.86, 913.20, 921.49, 9921754
09/19/24, 912.85, 916.81, 903.86, 915.04, 2446531
09/18/24, 906.31, 915.50, 903.46, 904.97, 1776976
09/17/24, 921.50, 921.50, 902.30, 906.18, 2248019
09/16/24, 931.13, 932.605, 920.43, 923.54, 1760296
09/13/24, 937.01, 942.35, 922.10, 923.71, 2045356
09/12/24, 924.31, 937.62, 918.63, 935.02, 2511788
09/11/24, 902.15, 921.54, 897.2032, 920.89, 2721114
09/10/24, 914.11, 915.11, 895.0001, 901.25, 1930385
09/09/24, 912.57, 915.4299, 895.915, 908.27, 2405908
09/06/24, 917.76, 927.9022, 893.00, 902.71, 3439999
09/05/24, 941.16, 943.00, 906.17, 912.75, 3201148
09/04/24, 949.75, 954.00, 938.005, 946.31, 1891673
09/03/24, 957.77, 969.65, 951.58, 956.53, 2529030
08/30/24, 945.00, 961.00, 940.51, 960.02, 2555073
08/29/24, 955.00, 957.515, 936.00, 940.20, 1762847
08/28/24, 954.15, 958.3399, 943.26, 948.94, 1701760
08/27/24, 952.50, 972.48, 949.95, 954.48, 2912853
08/26/24, 949.20, 955.00, 942.77, 950.53, 2166043
08/23/24, 955.44, 960.50, 943.11, 952.74, 2063309
08/22/24, 951.98, 972.53, 948.135, 954.17, 3183727
08/21/24, 955.615, 956.50, 939.17, 951.97, 2616984
08/20/24, 932.10, 967.00, 930.51, 949.97, 4961498
08/19/24, 922.12, 926.00, 916.5001, 921.81, 2374554
08/16/24, 928.39, 936.2969, 919.39, 922.12, 2364894
08/15/24, 936.00, 937.955, 920.00, 931.58, 3079984
08/14/24, 910.00, 934.38, 903.79, 931.68, 3562910
08/13/24, 894.08, 914.6943, 890.33, 908.05, 3506767
08/12/24, 904.21, 904.72, 883.00, 884.38, 4206064
08/09/24, 860.00, 908.49, 860.00, 891.68, 6587628
08/08/24, 875.00, 877.78, 825.24, 845.31, 9434851
08/07/24, 778.30, 786.58, 763.0201, 772.14, 4407687
08/06/24, 789.14, 806.2735, 785.00, 793.18, 3437567
08/05/24, 758.00, 792.9399, 747.55, 775.26, 4661810
08/02/24, 816.67, 820.19, 787.02, 804.46, 3515933
08/01/24, 833.62, 840.89, 820.18, 832.44, 4060732
07/31/24, 800.17, 811.14, 792.0901, 804.27, 2961662
07/30/24, 815.18, 821.90, 775.81, 790.21, 3848581
07/29/24, 814.01, 824.77, 804.00, 807.79, 2473684
07/26/24, 811.87, 822.01, 801.30, 804.62, 4173942
07/25/24, 847.00, 851.62, 806.38, 821.19, 5467973
07/24/24, 872.50, 878.34, 854.27, 859.88, 2726144
07/23/24, 870.00, 887.72, 864.08, 878.29, 2087749
07/22/24, 864.80, 874.42, 856.82, 865.97, 2904548
07/19/24, 867.66, 880.21, 853.00, 857.47, 3782167
07/18/24, 907.03, 909.87, 836.66, 848.90, 7649625
07/17/24, 910.01, 925.00, 902.64, 905.59, 4200582
07/16/24, 955.75, 956.39, 938.38, 941.60, 2111799
07/15/24, 956.20, 966.10, 948.09, 950.46, 2358671
07/12/24, 937.00, 950.79, 936.03, 948.40, 2315131
07/11/24, 934.09, 942.88, 918.62, 934.14, 2858281
07/10/24, 936.57, 945.69, 933.00, 939.78, 2683255
07/09/24, 929.05, 935.00, 920.775, 932.50, 2419859
07/08/24, 917.89, 928.605, 912.00, 918.00, 2364556
07/05/24, 898.425, 916.4595, 896.90, 914.57, 2880863
07/03/24, 911.00, 918.50, 884.00, 898.10, 3078367
07/02/24, 902.71, 912.00, 878.50, 906.71, 4584602
07/01/24, 911.77, 916.83, 904.31, 914.37, 2546119
06/28/24, 911.31, 915.54, 905.38, 905.38, 3375426
06/27/24, 903.53, 909.57, 899.72, 909.04, 1948132
06/26/24, 904.00, 906.345, 897.84, 901.26, 2232075
06/25/24, 891.77, 909.42, 891.50, 904.61, 2839806
06/24/24, 889.975, 903.5786, 882.94, 890.11, 2878199
06/21/24, 885.66, 891.97, 879.80, 883.88, 3448680
06/20/24, 893.00, 905.45, 870.13, 885.99, 3359987
06/18/24, 887.00, 894.87, 884.00, 891.46, 2437038
06/17/24, 878.00, 892.20, 876.86, 885.01, 2532240
06/14/24, 882.33, 884.61, 876.00, 878.45, 2023264
06/13/24, 869.025, 885.06, 861.50, 883.33, 2243419
06/12/24, 872.00, 872.00, 853.85, 867.30, 2594601
06/11/24, 882.14, 882.14, 852.23, 865.82, 4109073
06/10/24, 853.98, 871.63, 849.39, 865.00, 3444498
06/07/24, 837.76, 856.81, 837.01, 849.99, 2468834
06/06/24, 834.88, 846.9742, 831.88, 837.29, 2108975
06/05/24, 830.49, 838.45, 817.62, 831.76, 2169003
06/04/24, 834.00, 835.47, 825.31, 832.59, 1748288
06/03/24, 823.83, 838.28, 818.50, 831.26, 2537239
05/31/24, 818.80, 826.21, 811.10, 820.34, 4472119
05/30/24, 812.79, 819.99, 806.11, 815.06, 1986290
05/29/24, 803.00, 815.61, 802.09, 811.53, 2380041
05/28/24, 809.00, 809.00, 788.25, 807.86, 2483454
05/24/24, 808.00, 810.12, 804.15, 807.43, 1778120
05/23/24, 810.00, 820.605, 802.155, 808.45, 3025781
05/22/24, 801.00, 804.88, 795.25, 802.91, 1767519
05/21/24, 792.46, 816.61, 791.39, 803.17, 4334499
05/20/24, 766.90, 784.325, 766.12, 783.18, 2188818
05/17/24, 772.89, 774.87, 767.10, 770.00, 1670317
05/16/24, 784.71, 786.48, 770.14, 771.12, 2299653
05/15/24, 764.15, 787.66, 763.10, 787.02, 3038253
05/14/24, 751.52, 764.50, 751.52, 763.98, 1956229
05/13/24, 763.50, 763.55, 750.53, 757.70, 1848926
05/10/24, 774.02, 777.42, 760.00, 760.00, 2082289
05/09/24, 777.00, 784.00, 769.20, 771.55, 2522085
05/08/24, 779.10, 781.3499, 772.20, 775.00, 2089934
05/07/24, 768.90, 779.09, 762.11, 777.77, 2879447
05/06/24, 738.04, 766.99, 736.00, 766.68, 3398280
05/03/24, 743.00, 745.00, 730.34, 734.97, 4595138
05/02/24, 777.34, 777.34, 754.29, 755.91, 3205628
05/01/24, 774.755, 782.605, 768.25, 776.75, 2804838
04/30/24, 775.00, 795.4975, 767.66, 781.10, 7437105
04/29/24, 735.75, 740.58, 729.61, 737.20, 2732584
04/26/24, 723.48, 737.45, 721.00, 733.51, 2009249
04/25/24, 725.00, 727.9915, 718.30, 724.87, 2608752
04/24/24, 752.64, 752.64, 728.785, 732.20, 2133427
04/23/24, 741.20, 746.16, 731.44, 745.69, 2042029
04/22/24, 729.74, 737.88, 725.42, 731.33, 2354096
04/19/24, 749.16, 750.01, 722.07, 726.31, 3505526
04/18/24, 749.42, 752.1988, 743.77, 745.95, 1717347
04/17/24, 759.20, 771.83, 744.8776, 750.77, 3069367
04/16/24, 751.68, 753.14, 743.00, 746.74, 2569799
04/15/24, 760.07, 768.00, 749.52, 750.77, 2358569
04/12/24, 759.57, 763.50, 749.785, 751.64, 2495037
04/11/24, 759.78, 763.33, 750.67, 759.59, 1594834
04/10/24, 751.28, 765.26, 746.83, 761.98, 1700296
04/09/24, 777.64, 777.82, 750.65, 757.24, 2464837
04/08/24, 785.02, 785.195, 773.35, 777.29, 1664153
04/05/24, 765.47, 786.705, 763.09, 784.21, 2113429
04/04/24, 781.54, 787.8969, 767.82, 768.08, 2353992
04/03/24, 765.69, 787.2475, 765.41, 775.99, 3044910
04/02/24, 755.07, 765.07, 753.50, 763.96, 2596789
04/01/24, 776.00, 777.50, 753.82, 760.55, 2921338
03/28/24, 780.32, 793.67, 776.44, 777.96, 3209424
03/27/24, 778.71, 785.2599, 767.38, 778.18, 2297713
03/26/24, 774.20, 778.3299, 769.00, 774.90, 2099042
03/25/24, 771.10, 778.49, 768.15, 773.14, 1806584
03/22/24, 770.00, 777.00, 767.28, 770.61, 1981019
03/21/24, 774.00, 780.5399, 758.88, 770.26, 3013157
03/20/24, 770.11, 773.16, 756.64, 772.86, 2038008
03/19/24, 758.44, 773.85, 755.00, 772.78, 2557079
03/18/24, 762.28, 769.68, 758.25, 762.66, 2521351
03/15/24, 755.38, 760.89, 747.7065, 754.17, 3730053
03/14/24, 764.95, 768.00, 749.40, 760.73, 2647549
03/13/24, 757.00, 760.77, 745.71, 757.84, 2357486
03/12/24, 740.96, 755.97, 738.01, 754.95, 2701718
03/11/24, 752.21, 756.80, 727.62, 734.37, 3968854
03/08/24, 780.00, 780.00, 755.00, 762.14, 4054925
03/07/24, 771.835, 792.99, 761.12, 780.16, 3977376
03/06/24, 784.29, 787.85, 774.00, 779.77, 2518587
03/05/24, 785.31, 788.53, 769.275, 777.59, 3168689
03/04/24, 796.44, 800.78, 786.1623, 792.28, 3855649
03/01/24, 769.02, 784.08, 764.13, 782.12, 4247527
02/29/24, 753.08, 756.46, 744.025, 753.68, 3905355
02/28/24, 762.25, 763.00, 751.66, 757.64, 2716307
02/27/24, 754.90, 772.95, 745.44, 765.00, 2716745
02/26/24, 771.30, 780.22, 769.12, 771.92, 2243779
02/23/24, 774.00, 777.6499, 762.26, 769.54, 2394805
02/22/24, 763.58, 775.12, 756.27, 769.64, 3167403
02/21/24, 738.08, 749.50, 733.24, 745.91, 3548650
02/20/24, 790.00, 793.38, 753.2001, 755.66, 4701094
02/16/24, 771.03, 794.47, 763.50, 782.06, 5009368
02/15/24, 755.80, 762.99, 750.01, 757.78, 2507030
02/14/24, 745.82, 764.05, 745.00, 757.31, 3394326
02/13/24, 730.18, 742.98, 730.18, 742.97, 2860265
02/12/24, 740.80, 740.80, 726.45, 737.26, 2932304
02/09/24, 735.50, 745.70, 733.61, 740.16, 2833894
02/08/24, 728.32, 741.00, 725.75, 735.68, 4636885
02/07/24, 710.38, 740.9899, 707.02, 725.38, 5797966
02/06/24, 742.00, 742.00, 691.10, 705.03, 8199902
02/05/24, 691.02, 711.8763, 682.53, 706.20, 7602392
02/02/24, 662.38, 672.615, 659.735, 667.65, 3019223
02/01/24, 647.33, 660.52, 643.17, 660.43, 2494287
01/31/24, 650.38, 663.5499, 637.00, 645.61, 4719039
01/30/24, 645.70, 646.80, 641.00, 644.98, 2006101
01/29/24, 641.50, 645.65, 639.77, 645.00, 2718484
01/26/24, 637.35, 639.60, 630.50, 639.25, 2410349
01/25/24, 627.37, 632.613, 624.68, 627.62, 2407930
01/24/24, 633.52, 643.165, 632.00, 633.70, 2276855
01/23/24, 627.69, 630.00, 614.82, 629.68, 2524983
01/22/24, 630.00, 632.64, 625.00, 630.88, 2030201
01/19/24, 622.39, 629.59, 620.00, 628.58, 3125030
01/18/24, 621.28, 623.8799, 612.70, 623.35, 3384999
01/17/24, 639.45, 640.52, 625.19, 628.91, 2124096
01/16/24, 643.91, 647.73, 633.67, 634.57, 2413610
01/12/24, 638.20, 644.00, 633.0101, 642.92, 2067773
01/11/24, 634.39, 639.76, 628.14, 635.72, 2690341
01/10/24, 628.49, 637.0541, 625.76, 630.19, 2679074
01/09/24, 630.105, 634.425, 623.72, 625.48, 2918891
01/08/24, 622.43, 626.0599, 609.59, 626.03, 2453931
01/05/24, 614.00, 619.94, 610.19, 618.55, 2403955
01/04/24, 625.26, 636.41, 613.27, 614.50, 6272532
01/03/24, 600.00, 619.84, 598.80, 617.70, 5130330
01/02/24, 580.41, 592.72, 579.05, 592.20, 3226661
12/29/23, 582.85, 586.1704, 579.47, 582.92, 2000055
12/28/23, 581.98, 586.69, 580.00, 580.85, 1973512
12/27/23, 570.50, 583.68, 570.50, 581.51, 2163409
12/26/23, 569.50, 572.7722, 567.64, 570.67, 1678898
12/22/23, 573.02, 575.90, 567.42, 570.39, 2226069
12/21/23, 571.41, 574.9999, 567.02, 572.00, 1786473
12/20/23, 576.48, 579.86, 570.03, 570.21, 2647100
12/19/23, 580.25, 585.11, 577.25, 579.81, 2192689
12/18/23, 576.47, 583.05, 575.70, 579.76, 3033944
12/15/23, 572.10, 573.71, 561.65, 572.04, 5317020
12/14/23, 594.50, 594.50, 568.69, 573.67, 5275911
12/13/23, 583.26, 598.6699, 582.31, 597.50, 3112544
12/12/23, 582.00, 585.85, 578.1663, 584.76, 2846097
12/11/23, 598.66, 601.19, 567.41, 584.04, 5614106
12/08/23, 589.00, 598.30, 584.77, 598.05, 2446790
12/07/23, 588.28, 588.8699, 577.61, 588.27, 2095042
12/06/23, 590.74, 593.90, 584.40, 589.25, 2093105
12/05/23, 583.28, 591.80, 579.373, 588.15, 2157343
12/04/23, 582.13, 587.09, 574.33, 585.68, 2577122
12/01/23, 591.70, 601.97, 583.00, 584.04, 3638565
11/30/23, 591.46, 596.23, 586.21, 591.04, 5658350
11/29/23, 592.20, 594.5399, 584.4401, 591.86, 1908649
11/28/23, 592.00, 595.38, 589.36, 591.60, 1793933
11/27/23, 601.17, 603.69, 591.14, 591.53, 2630713
11/24/23, 598.36, 603.50, 596.9813, 601.10, 1341674
11/22/23, 595.40, 599.18, 586.75, 595.09, 2052682
11/21/23, 598.44, 601.56, 591.77, 592.60, 1851562
11/20/23, 591.44, 604.86, 590.69, 597.60, 2831258
11/17/23, 592.45, 596.1785, 587.21, 591.71, 2628620
11/16/23, 591.50, 595.0899, 581.7501, 588.75, 3030535
11/15/23, 610.88, 612.91, 584.4165, 588.54, 4287011
11/14/23, 608.22, 616.04, 602.67, 610.82, 3827645
11/13/23, 594.35, 618.75, 578.15, 612.71, 5744828
11/10/23, 595.00, 598.86, 586.00, 597.71, 3650068
11/09/23, 614.76, 615.65, 583.43, 591.32, 6279799
11/08/23, 607.66, 625.87, 592.18, 619.13, 7776448
11/07/23, 597.00, 601.94, 590.125, 599.93, 3168249
11/06/23, 571.10, 597.7096, 571.01, 595.19, 3978451
11/03/23, 578.43, 582.995, 567.18, 567.81, 3056541
11/02/23, 578.33, 597.4399, 571.99, 580.29, 5181296
11/01/23, 555.00, 558.43, 551.26, 554.46, 2935938
10/31/23, 568.97, 569.61, 547.61, 553.93, 3661447
10/30/23, 571.21, 573.2099, 562.55, 565.71, 2290889
10/27/23, 563.01, 570.81, 556.6401, 560.23, 2717360
10/26/23, 580.00, 581.00, 566.16, 568.10, 2846495
10/25/23, 596.94, 599.70, 585.87, 586.46, 2283296
10/24/23, 580.00, 594.523, 579.105, 592.43, 2632972
10/23/23, 586.06, 588.34, 576.14, 576.65, 2781927
10/20/23, 590.00, 596.92, 580.88, 584.64, 3666851
10/19/23, 605.00, 605.00, 578.34, 590.80, 3493655
10/18/23, 607.24, 615.875, 603.2401, 607.24, 2049105
10/17/23, 619.00, 620.40, 602.53, 608.31, 2911669
10/16/23, 610.99, 621.9823, 608.43, 616.64, 2941520
10/13/23, 617.89, 629.97, 602.56, 609.20, 3972073
10/12/23, 605.46, 613.00, 602.20, 610.50, 4063499
10/11/23, 596.20, 608.79, 585.01, 605.28, 5850640
10/10/23, 570.00, 585.95, 569.73, 579.31, 3526745
10/09/23, 564.02, 579.79, 563.58, 571.76, 4208115
10/06/23, 544.00, 566.3592, 542.71, 565.22, 4745172
10/05/23, 533.54, 542.50, 531.61, 541.48, 2950691
10/04/23, 525.56, 536.175, 523.6301, 531.46, 2220627
10/03/23, 536.00, 537.34, 516.57, 525.19, 3266118
10/02/23, 536.01, 540.64, 526.81, 538.29, 2810131
09/29/23, 545.49, 546.085, 532.20, 537.13, 2967708
09/28/23, 551.32, 551.68, 541.395, 544.45, 2178763
09/27/23, 549.89, 551.69, 543.665, 549.76, 2004174
09/26/23, 550.70, 554.13, 548.00, 550.01, 1864471
09/25/23, 550.10, 552.662, 545.7501, 552.29, 1686515
09/22/23, 548.81, 555.49, 547.6273, 550.54, 2354187
09/21/23, 567.19, 568.00, 542.50, 550.13, 4051388
09/20/23, 573.42, 575.25, 569.19, 569.64, 1870727
09/19/23, 571.62, 578.41, 570.63, 574.96, 2186004
09/18/23, 578.00, 578.00, 564.41, 571.28, 2723628
09/15/23, 592.00, 594.06, 575.06, 575.66, 5941215
09/14/23, 599.24, 601.84, 590.01, 591.61, 3244807
09/13/23, 594.66, 600.75, 591.70, 598.88, 3126627
09/12/23, 590.97, 601.13, 587.85, 599.30, 3212110
09/11/23, 587.15, 598.16, 584.48, 595.56, 3876545
09/08/23, 572.33, 587.55, 571.22, 586.46, 4311028
09/07/23, 564.19, 576.31, 562.6207, 573.23, 3707122
09/06/23, 561.02, 561.59, 552.70, 559.95, 2424252
09/05/23, 559.23, 561.93, 556.71, 558.19, 2257195
09/01/23, 556.32, 559.205, 553.51, 557.11, 2030842
08/31/23, 547.02, 557.41, 543.00, 554.20, 3043443
08/30/23, 555.01, 557.75, 547.04, 547.99, 2191120
08/29/23, 553.45, 556.345, 549.86, 553.90, 1701224
08/28/23, 550.13, 556.23, 550.12, 553.92, 1373698
08/25/23, 549.63, 556.095, 547.08, 553.65, 1847649
08/24/23, 552.70, 556.98, 547.30, 548.00, 1776666
08/23/23, 556.72, 557.40, 548.21, 553.36, 2121301
08/22/23, 549.53, 556.095, 547.28, 553.66, 1937059
08/21/23, 546.99, 553.50, 545.75, 550.05, 2305424
08/18/23, 535.03, 547.77, 533.9001, 546.43, 2958610
08/17/23, 543.21, 548.805, 537.39, 537.66, 2549857
08/16/23, 547.40, 552.87, 542.5012, 546.24, 2597094
08/15/23, 537.73, 547.29, 533.78, 546.62, 2826844
08/14/23, 531.28, 542.30, 529.25, 538.00, 3981105
08/11/23, 523.72, 531.81, 520.00, 528.28, 2524300
08/10/23, 523.47, 528.74, 519.99, 521.34, 4108545
08/09/23, 520.37, 532.53, 516.89, 526.23, 5376561
08/08/23, 506.00, 538.00, 502.71, 521.60, 15094500
08/07/23, 453.25, 455.00, 450.58, 454.08, 2446374
08/04/23, 449.24, 452.47, 446.89, 449.49, 1870352
08/03/23, 450.775, 454.095, 448.26, 449.16, 2414179
08/02/23, 455.23, 461.64, 451.32, 454.48, 2367147
08/01/23, 455.35, 457.37, 451.4501, 453.09, 1739519
07/31/23, 459.02, 459.02, 450.80, 454.55, 2110442
07/28/23, 455.13, 459.57, 451.7801, 458.48, 1438327
07/27/23, 453.32, 458.68, 452.2529, 454.99, 1883510
07/26/23, 455.00, 455.00, 446.56, 453.59, 1959809
07/25/23, 457.76, 460.92, 456.60, 457.54, 1737804
07/24/23, 462.00, 465.64, 457.67, 459.32, 2190663
07/21/23, 465.41, 467.04, 461.97, 462.04, 2226909
07/20/23, 455.15, 465.22, 455.00, 463.82, 2624224
07/19/23, 451.40, 455.00, 448.56, 453.56, 2212841
07/18/23, 446.95, 453.3224, 445.04, 451.20, 2237938
07/17/23, 449.45, 450.62, 443.26, 447.14, 2349068
07/14/23, 441.10, 450.45, 440.87, 449.46, 2955014
07/13/23, 440.23, 442.24, 434.34, 434.70, 2865139
07/12/23, 438.47, 444.30, 435.01, 440.60, 3107830
07/11/23, 450.00, 450.56, 437.61, 439.39, 3573117
07/10/23, 452.96, 454.67, 449.71, 453.16, 2011375
07/07/23, 462.33, 463.61, 451.24, 452.08, 2914742
07/06/23, 463.12, 467.60, 461.62, 463.21, 2193610
07/05/23, 462.10, 467.2525, 460.00, 465.70, 2130392
07/03/23, 466.26, 466.26, 457.37, 461.42, 2113173
06/30/23, 464.65, 469.87, 464.00, 468.98, 3173216
06/29/23, 459.06, 465.83, 457.5062, 464.49, 2112385
06/28/23, 468.51, 468.53, 457.32, 458.70, 2854710
06/27/23, 462.50, 467.98, 451.70, 464.50, 4138716
06/26/23, 465.26, 465.26, 448.92, 452.76, 3214677
06/23/23, 457.00, 460.01, 452.32, 458.84, 4832135
06/22/23, 455.00, 462.26, 453.82, 457.68, 2913524
06/21/23, 454.50, 455.34, 450.2122, 453.00, 2347588
06/20/23, 445.86, 454.88, 445.11, 451.95, 2507676
06/16/23, 455.80, 456.98, 447.50, 447.71, 4295714
06/15/23, 448.00, 456.575, 447.69, 453.93, 2287108
06/14/23, 444.29, 448.78, 443.54, 447.72, 2163490
06/13/23, 443.67, 447.4006, 442.25, 445.72, 1766345
06/12/23, 446.15, 446.99, 438.68, 445.31, 2566696
06/09/23, 449.30, 449.30, 442.60, 446.04, 2082341
06/08/23, 435.88, 447.47, 432.34, 445.66, 2040858
06/07/23, 440.20, 446.69, 435.68, 436.37, 2458343
06/06/23, 447.83, 448.87, 440.02, 443.07, 1495431
06/05/23, 443.00, 447.80, 441.2488, 444.26, 2326447
06/02/23, 439.96, 444.70, 436.7849, 442.33, 2499045
06/01/23, 430.27, 436.79, 428.13, 436.49, 2914606
05/31/23, 427.00, 430.56, 424.01, 429.46, 3950859
05/30/23, 423.79, 428.73, 422.0601, 427.24, 2595731
05/26/23, 424.90, 431.67, 423.67, 425.79, 2338607
05/25/23, 426.38, 428.20, 419.80, 427.31, 2882190
05/24/23, 424.00, 428.9574, 420.26, 425.77, 3133017
05/23/23, 432.92, 435.89, 421.51, 423.21, 4492062
05/22/23, 444.31, 454.95, 432.39, 433.99, 4398012
05/19/23, 439.00, 447.51, 439.00, 442.38, 3442937
05/18/23, 436.505, 439.52, 433.5948, 437.89, 2268104
05/17/23, 438.80, 438.95, 432.73, 437.47, 2274225
05/16/23, 434.20, 438.475, 430.66, 436.65, 2129191
05/15/23, 435.37, 436.00, 430.67, 434.51, 2234778
05/12/23, 440.16, 445.54, 434.42, 434.43, 3939247
05/11/23, 436.70, 436.85, 431.1155, 435.55, 2595934
05/10/23, 426.06, 438.39, 426.06, 435.92, 2766347
05/09/23, 431.77, 435.60, 428.045, 428.38, 2601781
05/08/23, 426.20, 435.00, 423.00, 432.72, 2478575
05/05/23, 428.10, 431.27, 424.56, 427.81, 2753370
05/04/23, 431.45, 432.70, 425.22, 428.44, 4070697
05/03/23, 415.03, 434.20, 414.31, 431.19, 10129760
05/02/23, 407.00, 411.54, 399.26, 404.20, 3884642
05/01/23, 397.26, 407.35, 392.255, 405.81, 4091129
04/28/23, 398.00, 404.3131, 392.505, 395.86, 5350064
04/27/23, 391.26, 398.53, 380.771, 390.35, 4981319
04/26/23, 381.12, 381.50, 370.68, 376.27, 3161235
04/25/23, 385.05, 390.48, 384.00, 384.84, 2648590
04/24/23, 385.24, 387.05, 381.625, 383.35, 2059833
04/21/23, 378.01, 386.27, 378.00, 385.24, 3682470
04/20/23, 371.39, 376.06, 369.755, 374.81, 2766506
04/19/23, 370.55, 371.28, 367.35, 370.47, 2173205
04/18/23, 373.00, 374.26, 369.66, 369.91, 1925398
04/17/23, 375.00, 375.895, 371.16, 372.35, 2059925
04/14/23, 374.24, 376.31, 372.51, 374.73, 2287924
04/13/23, 372.62, 375.56, 370.31, 375.15, 2839943
04/12/23, 364.02, 372.44, 363.33, 369.05, 2672766
04/11/23, 367.76, 368.80, 363.59, 364.04, 2026953
04/10/23, 368.18, 368.345, 363.038, 367.00, 1868149
04/06/23, 364.85, 369.50, 364.25, 368.29, 3531707
04/05/23, 358.08, 364.85, 357.93, 362.24, 3442690
04/04/23, 352.07, 359.00, 351.27, 354.62, 3585862
04/03/23, 343.24, 351.535, 342.30, 350.74, 3039568
03/31/23, 342.00, 343.65, 340.69, 343.42, 2933578
03/30/23, 336.07, 341.31, 336.07, 340.69, 2146899
03/29/23, 339.00, 339.77, 334.58, 335.87, 2743787
03/28/23, 335.80, 338.83, 334.715, 337.65, 2433281
03/27/23, 327.80, 336.22, 323.26, 334.60, 3102495
03/24/23, 332.99, 336.93, 328.77, 336.13, 2792171
03/23/23, 330.89, 335.34, 330.21, 332.64, 2703482
03/22/23, 331.77, 335.60, 330.65, 330.97, 2472342
03/21/23, 334.39, 334.44, 328.0763, 331.08, 3240628
03/20/23, 329.18, 333.94, 329.0125, 333.60, 3540866
03/17/23, 331.50, 334.9457, 328.10, 329.18, 8679808
03/16/23, 327.64, 331.6999, 325.04, 329.53, 3498500
03/15/23, 326.00, 331.36, 324.50, 329.47, 4743547
03/14/23, 324.05, 327.28, 321.44, 327.07, 4214331
03/13/23, 317.24, 331.80, 317.24, 324.49, 5275659
03/10/23, 318.85, 326.53, 314.34, 315.02, 4597335
03/09/23, 312.31, 318.7699, 312.31, 316.85, 3920329
03/08/23, 310.50, 313.03, 309.32, 312.54, 2313238
03/07/23, 319.00, 320.35, 309.60, 310.63, 2620827
03/06/23, 316.94, 320.24, 316.50, 318.96, 2673717
03/03/23, 316.37, 320.16, 315.2407, 318.43, 3002947
03/02/23, 311.79, 316.30, 310.53, 315.05, 2885235
03/01/23, 310.00, 316.9055, 309.20, 314.17, 3580764
02/28/23, 315.49, 315.49, 309.64, 311.22, 3966856
02/27/23, 322.60, 323.40, 315.90, 316.62, 3043472
02/24/23, 326.00, 327.2255, 320.09, 321.64, 2594624
02/23/23, 328.01, 332.83, 325.69, 327.52, 2229544
02/22/23, 328.71, 332.60, 326.33, 329.07, 2380008
02/21/23, 327.15, 331.72, 326.33, 327.51, 2515648
02/17/23, 323.15, 331.585, 320.50, 328.40, 3695750
02/16/23, 331.00, 332.935, 325.72, 326.07, 3654165
02/15/23, 345.85, 346.8673, 334.35, 335.01, 3603468
02/14/23, 350.54, 353.815, 347.28, 347.56, 2028850
02/13/23, 346.47, 350.81, 346.00, 350.40, 2291589
02/10/23, 343.27, 348.43, 342.73, 345.12, 1980013
02/09/23, 340.89, 347.35, 340.50, 341.79, 3072770
02/08/23, 338.56, 342.87, 337.82, 340.73, 2399385
02/07/23, 336.05, 340.96, 332.69, 339.68, 2464138
02/06/23, 341.98, 343.42, 334.62, 337.66, 3055672
02/03/23, 332.95, 342.329, 329.37, 339.08, 5670711
02/02/23, 334.00, 335.30, 317.00, 330.70, 13036610
02/01/23, 342.79, 345.94, 337.52, 342.57, 2990949
01/31/23, 340.68, 344.40, 339.38, 344.15, 2406652
01/30/23, 344.33, 347.80, 339.46, 340.50, 2647724
01/27/23, 346.11, 348.09, 341.5255, 342.10, 2363613
01/26/23, 351.00, 352.18, 346.73, 348.01, 2576176
01/25/23, 345.55, 349.78, 345.10, 349.73, 2503326
01/24/23, 346.00, 346.63, 341.36, 346.39, 2242466
01/23/23, 346.61, 346.61, 340.22, 342.21, 3403129
01/20/23, 347.00, 349.065, 341.58, 346.07, 5391878
01/19/23, 352.37, 355.80, 350.42, 351.08, 2658332
01/18/23, 356.32, 359.00, 351.58, 352.01, 2302261
01/17/23, 361.62, 362.00, 356.55, 357.74, 2435381
01/13/23, 359.57, 363.31, 358.64, 361.62, 1690881
01/12/23, 359.25, 360.4962, 353.08, 359.12, 2019744
01/11/23, 354.34, 361.76, 351.00, 360.41, 2602845
01/10/23, 349.00, 353.21, 343.34, 352.75, 2465191
01/09/23, 364.00, 364.97, 348.79, 349.83, 2980570
01/06/23, 360.00, 366.70, 357.5815, 362.94, 2131283
01/05/23, 360.95, 361.49, 352.96, 358.92, 2008524
01/04/23, 364.64, 367.115, 360.34, 363.10, 1886196
01/03/23, 366.26, 369.00, 361.46, 364.99, 2006686
12/30/22, 367.49, 367.95, 362.113, 365.84, 1388100
12/29/22, 368.10, 370.95, 366.46, 367.02, 1077852
12/28/22, 366.17, 368.01, 363.94, 365.22, 995966
12/27/22, 369.50, 369.73, 364.33, 364.88, 1372062
12/23/22, 364.82, 367.90, 362.47, 367.90, 1030267
12/22/22, 367.32, 369.76, 362.29, 365.31, 1958287
12/21/22, 362.63, 370.68, 361.21, 368.01, 2211291
12/20/22, 358.50, 361.45, 356.34, 359.64, 2276011
12/19/22, 357.81, 359.70, 354.6101, 357.78, 2658425
12/16/22, 357.93, 360.48, 355.17, 359.87, 6612417
12/15/22, 360.66, 363.965, 356.69, 360.01, 3437854
12/14/22, 359.01, 369.425, 357.055, 363.50, 5095457
12/13/22, 361.63, 372.74, 358.32, 358.66, 5032632
12/12/22, 362.93, 367.8299, 362.50, 367.25, 2639333
12/09/22, 373.00, 374.00, 360.81, 360.99, 2787175
12/08/22, 373.26, 373.26, 366.50, 371.79, 2090943
12/07/22, 369.32, 375.235, 368.76, 371.97, 1629084
12/06/22, 367.00, 370.64, 365.5193, 368.54, 1970992
12/05/22, 373.76, 375.25, 368.28, 369.29, 2296532
12/02/22, 366.08, 375.04, 365.00, 374.76, 1925568
12/01/22, 374.79, 375.185, 368.49, 370.33, 2516098
11/30/22, 365.07, 372.35, 361.80, 371.08, 5556445
11/29/22, 364.62, 366.11, 360.64, 363.95, 2207038
11/28/22, 363.45, 369.51, 361.00, 365.77, 2481988
11/25/22, 362.90, 365.83, 361.55, 365.25, 1039094
11/23/22, 361.34, 362.47, 358.63, 361.72, 1993218
11/22/22, 362.00, 362.80, 357.30, 360.88, 2460356
11/21/22, 360.39, 363.76, 355.37, 361.17, 1999399
11/18/22, 362.55, 364.67, 359.35, 361.67, 2421110
11/17/22, 352.91, 362.30, 352.71, 360.77, 2931146
11/16/22, 350.00, 356.88, 349.96, 352.93, 3563981
11/15/22, 356.94, 356.99, 346.355, 349.95, 4180693
11/14/22, 359.07, 360.80, 340.12, 356.06, 4717434
11/11/22, 366.16, 367.83, 344.52, 352.30, 6646279
11/10/22, 367.24, 369.00, 363.0001, 368.72, 2993994
11/09/22, 368.44, 369.80, 361.91, 363.27, 2323699
11/08/22, 365.15, 368.75, 361.9333, 366.66, 3278611
11/07/22, 358.00, 367.00, 357.50, 365.07, 2560290
11/04/22, 365.20, 365.8754, 353.335, 357.41, 3004733
11/03/22, 354.06, 362.83, 351.51, 361.68, 2602543
11/02/22, 354.16, 363.1467, 350.21, 354.96, 3775944
11/01/22, 345.83, 358.99, 340.75, 352.58, 7012953
10/31/22, 358.65, 363.9199, 350.46, 362.09, 4258199
10/28/22, 360.32, 362.00, 357.04, 359.90, 2942083
10/27/22, 358.99, 361.1175, 355.32, 356.33, 2347623
10/26/22, 352.50, 361.48, 350.44, 357.86, 2373741
10/25/22, 346.52, 352.3299, 343.0501, 351.31, 2513137
10/24/22, 344.22, 351.77, 344.22, 347.90, 3375901
10/21/22, 329.07, 342.43, 326.77, 340.77, 3274712
10/20/22, 331.15, 331.435, 325.90, 329.07, 1761387
10/19/22, 335.25, 335.63, 325.97, 329.29, 2419015
10/18/22, 334.14, 335.33, 330.37, 335.03, 2087263
10/17/22, 332.79, 337.58, 331.75, 332.76, 2230039
10/14/22, 331.56, 335.2874, 328.2269, 331.39, 2231710
10/13/22, 319.12, 333.374, 319.1001, 332.10, 2657403
10/12/22, 327.38, 333.65, 323.88, 324.57, 1764724
10/11/22, 320.00, 329.03, 319.43, 327.60, 2599113
10/10/22, 326.23, 327.0068, 320.24, 323.89, 1956232
10/07/22, 332.97, 333.07, 324.90, 326.66, 2601643
10/06/22, 327.94, 339.26, 326.87, 332.95, 4299153
10/05/22, 328.30, 333.85, 327.52, 331.78, 2186065
10/04/22, 322.18, 330.10, 321.78, 329.89, 2622532
10/03/22, 325.99, 329.345, 317.05, 321.55, 3340749
09/30/22, 327.15, 329.5072, 322.42, 323.35, 4474113
09/29/22, 333.97, 334.68, 327.27, 330.01, 3743066
09/28/22, 333.53, 341.70, 328.10, 334.38, 9436333
09/27/22, 309.15, 313.95, 308.32, 311.10, 3019604
09/26/22, 308.80, 311.73, 304.88, 307.50, 3759990
09/23/22, 311.87, 315.18, 305.12, 311.46, 4572588
09/22/22, 300.80, 312.61, 299.96, 310.87, 5918287
09/21/22, 301.00, 304.53, 296.32, 296.48, 2241157
09/20/22, 303.82, 303.82, 298.94, 301.73, 1816772
09/19/22, 306.48, 306.52, 297.65, 305.09, 2515481
09/16/22, 307.97, 311.96, 306.7375, 308.89, 4380422
09/15/22, 309.71, 312.28, 305.75, 309.47, 2348077
09/14/22, 307.21, 311.8129, 305.90, 309.61, 2002888
09/13/22, 310.01, 312.31, 304.99, 306.48, 2272439
09/12/22, 318.89, 320.45, 314.88, 315.22, 2077414
09/09/22, 316.45, 320.17, 315.22, 317.70, 2177390
09/08/22, 311.95, 315.73, 307.59, 315.50, 2212547
09/07/22, 308.77, 312.40, 304.88, 311.60, 2228255
09/06/22, 302.95, 312.8331, 302.23, 306.82, 2322342
09/02/22, 310.11, 310.22, 299.76, 301.33, 2525421
09/01/22, 301.00, 309.41, 300.50, 309.13, 2939177
08/31/22, 307.14, 308.82, 301.11, 301.23, 3183504
08/30/22, 310.14, 311.97, 306.01, 307.04, 1980254
08/29/22, 313.34, 314.87, 309.6801, 310.15, 1696996
08/26/22, 323.59, 324.5899, 315.265, 315.56, 1857980
08/25/22, 320.60, 323.37, 315.83, 323.14, 1977925
08/24/22, 316.47, 320.86, 315.22, 318.87, 1826987
08/23/22, 321.24, 321.84, 313.87, 315.10, 2962108
08/22/22, 322.28, 325.77, 320.39, 323.10, 2488026
08/19/22, 317.51, 325.75, 317.50, 322.77, 3393325
08/18/22, 316.75, 318.96, 314.20, 316.72, 2261691
08/17/22, 310.01, 320.60, 310.01, 316.82, 2747228
08/16/22, 313.93, 314.365, 309.63, 310.31, 2247979
08/15/22, 309.21, 314.61, 307.31, 313.94, 2795795
08/12/22, 302.92, 308.49, 301.30, 308.08, 2305105
08/11/22, 301.03, 305.42, 299.63, 301.17, 2198999
08/10/22, 304.50, 307.13, 302.59, 304.61, 2351049
08/09/22, 305.09, 306.6973, 301.30, 303.02, 2123056
08/08/22, 300.65, 306.12, 296.53, 302.50, 3219472
08/05/22, 302.48, 305.32, 300.31, 301.32, 2814275
08/04/22, 310.20, 310.25, 302.24, 305.79, 4696250
08/03/22, 320.63, 320.98, 310.22, 313.83, 5152196
08/02/22, 327.19, 328.98, 319.36, 320.20, 3405692
08/01/22, 327.51, 330.43, 323.46, 324.15, 2464276
07/29/22, 331.06, 331.06, 326.82, 329.69, 3399855
07/28/22, 330.24, 333.59, 321.74, 330.80, 2351047
07/27/22, 328.98, 330.87, 325.1901, 328.94, 1643193
07/26/22, 330.99, 332.57, 328.61, 331.56, 1812283
07/25/22, 328.75, 332.27, 328.06, 331.55, 1741726
07/22/22, 326.95, 329.22, 325.83, 328.75, 1850862
07/21/22, 321.45, 328.05, 319.71, 326.92, 1692104
07/20/22, 327.09, 327.82, 320.31, 322.03, 2051072
07/19/22, 324.09, 327.38, 321.84, 326.20, 1628234
07/18/22, 330.12, 331.97, 319.71, 321.77, 2116414
07/15/22, 331.97, 335.33, 328.17, 331.60, 3340336
07/14/22, 317.54, 327.76, 315.51, 326.89, 2615713
07/13/22, 322.01, 324.68, 320.83, 322.46, 2564310
07/12/22, 330.00, 331.99, 323.36, 323.59, 2058398
07/11/22, 330.61, 332.68, 329.4276, 331.07, 1342949
07/08/22, 326.55, 334.52, 326.16, 330.47, 1898294
07/07/22, 327.25, 330.50, 326.24, 327.95, 2395046
07/06/22, 328.00, 332.74, 326.75, 330.15, 2252491
07/05/22, 322.44, 327.43, 318.93, 327.18, 2109663
07/01/22, 323.88, 325.40, 317.76, 324.71, 1817810
06/30/22, 322.13, 327.05, 320.01, 324.23, 2732891
06/29/22, 318.16, 324.70, 317.65, 323.00, 2562542
06/28/22, 326.52, 329.065, 316.76, 317.62, 2748331
06/27/22, 324.23, 330.85, 322.00, 327.27, 3219127
06/24/22, 319.55, 325.82, 319.01, 325.62, 5449892
06/23/22, 309.50, 313.19, 307.19, 312.72, 3729325
06/22/22, 296.96, 309.65, 296.43, 306.69, 4536148
06/21/22, 292.38, 299.28, 290.31, 297.34, 2821331
06/17/22, 290.01, 300.99, 289.68, 290.90, 6900000
06/16/22, 290.20, 290.20, 283.11, 288.07, 2628808
06/15/22, 291.60, 296.34, 288.53, 292.99, 1970129
06/14/22, 289.17, 292.00, 287.29, 290.79, 2422560
06/13/22, 290.432, 293.16, 288.51, 291.28, 2898757
06/10/22, 299.23, 301.66, 296.87, 297.01, 2471662
06/09/22, 311.60, 311.92, 303.11, 303.25, 1965302
06/08/22, 312.43, 315.50, 310.81, 313.49, 2684523
06/07/22, 303.992, 312.15, 303.02, 312.10, 3652818
06/06/22, 315.13, 315.13, 303.09, 303.36, 3734398
06/03/22, 302.16, 305.81, 300.70, 301.65, 2490022
06/02/22, 310.57, 310.665, 298.165, 302.43, 3703312
06/01/22, 313.44, 313.90, 305.59, 311.08, 2731736
05/31/22, 316.63, 318.46, 309.03, 313.44, 6298904
05/27/22, 312.65, 324.08, 311.26, 323.48, 3694287
05/26/22, 305.23, 313.91, 303.61, 313.46, 3284351
05/25/22, 307.00, 310.42, 304.64, 307.01, 3195708
05/24/22, 303.71, 307.67, 299.80, 305.96, 2804943
05/23/22, 300.60, 304.92, 299.35, 302.60, 2873617
05/20/22, 290.73, 299.24, 288.92, 298.85, 3129140
05/19/22, 293.58, 293.58, 284.37, 286.27, 3157441
05/18/22, 300.00, 302.60, 294.03, 295.19, 2161429
05/17/22, 300.00, 303.40, 293.39, 301.40, 2552984
05/16/22, 292.11, 309.44, 291.60, 299.38, 5118315
05/13/22, 292.63, 292.80, 286.51, 291.63, 2337673
05/12/22, 283.325, 291.99, 283.325, 291.80, 2369996
05/11/22, 283.67, 294.50, 283.00, 286.69, 2625192
05/10/22, 292.00, 293.43, 285.00, 285.70, 3140981
05/09/22, 293.51, 294.93, 286.65, 289.23, 3460544
05/06/22, 290.17, 298.25, 288.52, 296.90, 2931169
05/05/22, 293.42, 294.99, 288.30, 292.37, 3120381
05/04/22, 288.50, 296.98, 284.12, 294.90, 2743561
05/03/22, 288.63, 289.81, 284.11, 288.07, 2109522
05/02/22, 291.23, 292.84, 284.28, 289.56, 2790024
04/29/22, 295.79, 297.31, 289.14, 292.13, 3910872
04/28/22, 295.99, 300.51, 288.56, 297.27, 5887534
04/27/22, 283.10, 288.13, 280.59, 285.09, 2352078
04/26/22, 286.18, 290.21, 282.7919, 282.83, 2166647
04/25/22, 278.75, 285.95, 276.83, 285.20, 2410175
04/22/22, 289.30, 289.62, 278.40, 278.73, 2772584
04/21/22, 292.92, 293.4525, 286.66, 289.61, 2716751
04/20/22, 297.02, 299.00, 292.30, 292.92, 2608630
04/19/22, 298.41, 299.69, 293.80, 297.01, 2021659
04/18/22, 301.07, 302.06, 296.80, 298.82, 1581398
04/14/22, 303.75, 304.47, 300.19, 301.86, 1898106
04/13/22, 307.28, 308.30, 300.41, 302.67, 2528740
04/12/22, 306.58, 309.61, 304.18, 308.08, 2688230
04/11/22, 313.09, 313.76, 308.05, 308.96, 2178073
04/08/22, 308.00, 312.38, 307.95, 311.69, 3024679
04/07/22, 305.00, 314.00, 305.00, 308.43, 4270824
04/06/22, 296.09, 306.56, 294.77, 305.84, 4672935
04/05/22, 291.72, 295.83, 289.10, 292.49, 2324254
04/04/22, 292.75, 294.98, 290.95, 291.42, 3014182
04/01/22, 286.15, 293.14, 284.00, 292.67, 3066159
03/31/22, 289.37, 291.80, 285.92, 286.37, 3227759
03/30/22, 290.58, 292.29, 287.99, 289.89, 2220148
03/29/22, 292.03, 293.14, 287.58, 288.39, 2798056
03/28/22, 291.328, 292.45, 288.31, 291.66, 2195001
03/25/22, 288.50, 291.65, 286.58, 289.02, 2400056
03/24/22, 286.29, 288.85, 284.66, 287.69, 2412353
03/23/22, 284.42, 288.18, 283.35, 284.19, 3149382
03/22/22, 289.67, 290.56, 283.39, 285.02, 3791830
03/21/22, 287.76, 295.33, 287.76, 289.64, 3495714
03/18/22, 285.84, 291.35, 284.86, 287.64, 4557921
03/17/22, 277.01, 285.8882, 276.45, 285.51, 3270105
03/16/22, 277.85, 278.61, 273.01, 276.44, 3148591
03/15/22, 269.87, 276.48, 269.87, 275.46, 4396863
03/14/22, 268.99, 270.90, 267.32, 269.00, 2713824
03/11/22, 265.07, 271.72, 265.07, 266.30, 2469637
03/10/22, 262.84, 267.73, 262.84, 266.02, 2797440
03/09/22, 263.30, 267.79, 262.07, 262.79, 2965866
03/08/22, 259.93, 265.30, 258.91, 259.93, 3482650
03/07/22, 259.86, 263.63, 257.86, 261.64, 3074955
03/04/22, 256.21, 263.455, 255.52, 262.87, 3497133
03/03/22, 254.83, 259.58, 254.385, 258.64, 3153842
03/02/22, 249.88, 256.48, 249.055, 254.17, 2452100
03/01/22, 247.56, 250.34, 245.44, 249.50, 2873291
02/28/22, 246.14, 250.06, 244.59, 249.95, 3188813
02/25/22, 243.84, 252.90, 243.725, 250.85, 2442360
02/24/22, 235.18, 243.93, 234.00, 243.08, 3272267
02/23/22, 240.55, 242.68, 238.015, 238.31, 2296253
02/22/22, 239.21, 240.86, 237.52, 239.13, 2936714
02/18/22, 238.02, 242.43, 238.02, 240.31, 2518105
02/17/22, 245.58, 245.585, 240.41, 240.97, 2059125
02/16/22, 242.58, 247.02, 242.58, 245.58, 2458988
02/15/22, 236.65, 244.79, 236.65, 243.84, 3409708
02/14/22, 234.00, 236.88, 231.87, 234.69, 2572055
02/11/22, 239.23, 240.63, 234.85, 235.74, 2054452
02/10/22, 239.90, 244.09, 238.11, 239.64, 2283142
02/09/22, 241.26, 244.46, 241.06, 243.27, 1759921
02/08/22, 241.90, 242.89, 237.47, 239.91, 2614999
02/07/22, 242.41, 244.03, 240.3038, 243.55, 3948368
02/04/22, 242.72, 244.10, 241.22, 242.27, 3569451
02/03/22, 247.50, 248.12, 241.10, 244.81, 3473574
02/02/22, 245.35, 251.8756, 244.025, 250.83, 2586720
02/01/22, 247.05, 248.84, 243.2621, 248.28, 2449373
01/31/22, 243.27, 245.49, 241.915, 245.39, 3237085
01/28/22, 237.49, 245.22, 235.05, 245.10, 3081139
01/27/22, 239.98, 243.27, 235.76, 236.72, 2178965
01/26/22, 239.63, 242.43, 235.91, 237.86, 2913234
01/25/22, 236.81, 241.53, 235.12, 239.46, 2525106
01/24/22, 242.55, 243.76, 232.68, 240.42, 3716587
01/21/22, 246.88, 247.875, 242.12, 243.06, 2788638
01/20/22, 245.58, 247.95, 242.50, 243.13, 2655380
01/19/22, 246.33, 250.4091, 244.725, 245.05, 2487565
01/18/22, 242.75, 248.52, 242.09, 247.07, 3241277
01/14/22, 250.15, 250.54, 242.90, 244.12, 2894255
01/13/22, 254.07, 255.50, 248.55, 249.67, 3726509
01/12/22, 252.90, 257.4376, 250.97, 255.92, 6562799
01/11/22, 261.59, 262.41, 257.06, 262.32, 2294001
01/10/22, 258.19, 260.16, 255.89, 260.11, 2576704
01/07/22, 259.74, 261.25, 256.71, 259.50, 2245240
01/06/22, 260.10, 261.295, 255.46, 259.33, 2863297
01/05/22, 268.16, 268.77, 260.42, 260.65, 3004151
01/04/22, 269.00, 269.875, 263.58, 266.81, 2340621
01/03/22, 274.41, 274.41, 267.0637, 271.73, 2621415
12/31/21, 277.47, 278.73, 276.01, 276.22, 1315736
12/30/21, 279.19, 280.65, 276.37, 277.25, 1181480
12/29/21, 275.82, 279.36, 275.74, 278.42, 1112299
12/28/21, 279.34, 279.40, 275.8901, 276.43, 1034224
12/27/21, 275.04, 280.30, 274.72, 278.41, 1677639
12/23/21, 269.05, 275.27, 266.68, 273.10, 2632221
12/22/21, 264.74, 266.56, 262.85, 266.50, 2720994
12/21/21, 264.00, 265.95, 260.57, 264.88, 2702522
12/20/21, 269.23, 270.005, 260.35, 263.48, 3479415
12/17/21, 276.67, 276.67, 265.3346, 267.42, 7588876
12/16/21, 275.67, 283.905, 272.05, 279.04, 5546435
12/15/21, 262.07, 275.54, 257.2098, 275.28, 10016680
12/14/21, 247.74, 250.01, 246.39, 249.38, 3423994
12/13/21, 245.51, 250.70, 245.46, 248.53, 3016836
12/10/21, 241.20, 244.585, 241.20, 244.14, 2380759
12/09/21, 244.49, 245.91, 242.75, 242.90, 2291050
12/08/21, 246.61, 248.1815, 239.47, 244.32, 3636201
12/07/21, 244.24, 245.435, 241.45, 245.11, 4035797
12/06/21, 245.92, 246.94, 241.53, 246.33, 3491184
12/03/21, 252.13, 253.48, 243.08, 245.58, 4169687
12/02/21, 246.52, 249.98, 245.12, 247.88, 3817784
12/01/21, 249.44, 255.2991, 247.89, 249.13, 3241515
11/30/21, 253.27, 254.00, 246.48, 248.04, 8265918
11/29/21, 260.02, 262.32, 254.50, 254.83, 4041677
11/26/21, 261.80, 265.88, 259.03, 260.37, 1495480
11/24/21, 262.77, 264.94, 260.05, 262.00, 2518580
11/23/21, 259.47, 262.76, 259.25, 261.96, 1986326
11/22/21, 262.22, 263.9899, 259.13, 260.44, 1997790
11/19/21, 266.43, 270.80, 260.30, 260.70, 2788210
11/18/21, 262.00, 263.80, 259.82, 261.33, 1689635
11/17/21, 256.81, 264.55, 256.07, 261.18, 2873559
11/16/21, 256.96, 260.35, 255.99, 257.72, 2565741
11/15/21, 259.39, 259.61, 257.16, 258.43, 1903164
11/12/21, 261.78, 262.52, 258.93, 259.65, 1964191
11/11/21, 262.32, 264.32, 261.95, 262.63, 1739439
11/10/21, 262.00, 266.00, 261.60, 264.65, 2215238
11/09/21, 260.53, 262.16, 258.39, 262.02, 1963849
11/08/21, 263.99, 266.91, 259.155, 260.53, 2386204
11/05/21, 268.99, 269.49, 258.56, 265.00, 3745717
11/04/21, 265.48, 271.11, 265.27, 271.00, 4133581
11/03/21, 257.77, 266.79, 257.76, 266.26, 4382930
11/02/21, 251.25, 259.30, 249.40, 256.85, 3987869
11/01/21, 255.11, 256.48, 248.05, 249.31, 2735846
10/29/21, 253.78, 256.47, 251.77, 254.76, 3152015
10/28/21, 250.16, 256.75, 250.08, 253.35, 3386510
10/27/21, 248.61, 254.46, 248.32, 250.17, 3181498
10/26/21, 244.50, 248.92, 237.09, 248.44, 4532952
10/25/21, 244.66, 246.2667, 240.52, 245.05, 2763099
10/22/21, 240.96, 244.04, 239.56, 243.75, 1960703
10/21/21, 244.95, 244.95, 239.834, 241.17, 1717891
10/20/21, 243.73, 245.90, 243.04, 243.72, 1537772
10/19/21, 239.06, 242.55, 239.06, 242.31, 1573492
10/18/21, 237.95, 242.66, 236.70, 238.98, 2545987
10/15/21, 237.42, 239.2986, 235.82, 237.88, 2598357
10/14/21, 237.01, 238.44, 234.11, 236.69, 1824765
10/13/21, 234.07, 237.92, 232.80, 236.44, 2105892
10/12/21, 234.70, 235.07, 231.98, 232.78, 1719458
10/11/21, 236.70, 237.99, 233.60, 233.67, 1892511
10/08/21, 233.42, 235.81, 231.55, 233.94, 2563117
10/07/21, 229.12, 234.11, 229.00, 233.18, 2001803
10/06/21, 230.56, 230.85, 226.05, 227.85, 2462722
10/05/21, 226.44, 232.56, 226.1747, 230.93, 2802025
10/04/21, 227.80, 230.19, 224.22, 224.85, 4784747
10/01/21, 231.00, 231.68, 225.45, 229.59, 2215772
09/30/21, 232.78, 237.16, 230.80, 231.05, 3787048
09/29/21, 225.41, 231.44, 224.56, 230.36, 3971031
09/28/21, 226.39, 226.40, 220.20, 221.60, 3583251
09/27/21, 229.97, 231.06, 225.613, 226.40, 2785922
09/24/21, 232.77, 235.385, 231.34, 231.68, 1642578
09/23/21, 229.30, 234.20, 229.01, 232.18, 1912322
09/22/21, 230.00, 231.03, 227.58, 228.30, 2529635
09/21/21, 232.06, 233.72, 229.74, 230.17, 2172825
09/20/21, 228.09, 232.73, 227.29, 231.64, 2803437
09/17/21, 229.71, 230.83, 228.23, 230.10, 4480241
09/16/21, 234.08, 234.69, 229.73, 231.04, 2958684
09/15/21, 233.58, 239.38, 233.06, 233.73, 2802576
09/14/21, 238.72, 239.7939, 231.98, 233.09, 3825977
09/13/21, 240.04, 241.15, 235.15, 237.96, 2832834
09/10/21, 242.20, 243.89, 238.57, 239.50, 4633548
09/09/21, 253.29, 254.02, 239.67, 240.00, 4976593
09/08/21, 254.60, 255.71, 253.68, 254.84, 1542529
09/07/21, 259.00, 260.82, 254.41, 254.80, 2403689
09/03/21, 260.83, 260.99, 256.7836, 259.53, 1124527
09/02/21, 257.41, 259.73, 256.47, 259.57, 1469713
09/01/21, 258.54, 258.77, 254.49, 257.40, 2956822
08/31/21, 262.84, 263.635, 257.86, 258.29, 2733435
08/30/21, 261.03, 264.07, 259.61, 262.31, 1300723
08/27/21, 262.52, 263.1257, 258.58, 259.75, 1839899
08/26/21, 264.00, 265.59, 260.58, 261.32, 1732985
08/25/21, 262.78, 264.52, 261.29, 263.87, 2388585
08/24/21, 266.20, 267.44, 261.78, 262.77, 3736297
08/23/21, 272.30, 272.91, 267.70, 267.82, 2438890
08/20/21, 269.38, 272.8665, 269.06, 270.91, 1536829
08/19/21, 266.15, 271.8475, 265.43, 270.40, 1901013
08/18/21, 272.01, 274.76, 268.03, 268.52, 2527494
08/17/21, 271.16, 275.87, 267.18, 272.71, 2096073
08/16/21, 264.88, 270.26, 264.265, 269.94, 2623287
08/13/21, 263.15, 265.69, 263.02, 264.21, 1482410
08/12/21, 263.20, 264.535, 261.49, 263.47, 2100876
08/11/21, 269.59, 270.94, 262.66, 264.10, 2813289
08/10/21, 266.75, 271.08, 266.18, 269.45, 2060223
08/09/21, 264.58, 273.04, 264.50, 267.16, 3238463
08/06/21, 263.51, 264.27, 260.74, 263.44, 2155214
08/05/21, 263.28, 265.51, 261.33, 264.19, 2262446
08/04/21, 256.00, 270.65, 255.42, 262.47, 3892600
08/03/21, 244.75, 259.37, 243.50, 255.99, 5406183
08/02/21, 245.73, 247.885, 244.25, 246.60, 1958943
07/30/21, 244.90, 245.95, 242.63, 243.50, 1905119
07/29/21, 247.50, 248.24, 242.2401, 245.33, 1924383
07/28/21, 243.37, 248.40, 242.64, 246.51, 1688130
07/27/21, 243.71, 244.06, 242.66, 243.58, 2116551
07/26/21, 242.57, 245.28, 242.57, 243.21, 2678920
07/23/21, 239.28, 244.55, 238.56, 244.15, 2448303
07/22/21, 237.28, 239.70, 236.37, 238.49, 1703495
07/21/21, 236.38, 237.37, 233.59, 237.29, 1651502
07/20/21, 235.00, 237.75, 233.935, 235.02, 2297813
07/19/21, 231.88, 234.30, 230.57, 234.14, 2305943
07/16/21, 232.50, 233.04, 231.21, 232.46, 2229059
07/15/21, 235.01, 235.99, 230.69, 231.47, 3611300
07/14/21, 235.79, 237.23, 234.73, 236.35, 2103449
07/13/21, 235.98, 236.65, 234.03, 235.30, 1974044
07/12/21, 235.17, 238.00, 235.15, 236.01, 2928611
07/09/21, 237.17, 238.4717, 232.75, 234.99, 4030341
07/08/21, 233.83, 237.27, 232.10, 237.12, 2431482
07/07/21, 234.68, 236.59, 233.46, 235.82, 3141508
07/06/21, 233.63, 235.575, 233.2301, 235.42, 3125526
07/02/21, 231.97, 234.21, 231.33, 233.96, 1994140
07/01/21, 229.51, 231.50, 228.66, 231.13, 1977362
06/30/21, 230.09, 230.8459, 229.06, 229.52, 1786736
06/29/21, 228.25, 231.40, 227.85, 229.37, 1621247
06/28/21, 229.00, 229.88, 226.8784, 228.22, 2507615
06/25/21, 233.12, 233.4899, 229.39, 230.22, 6992228
06/24/21, 234.92, 239.37, 230.42, 232.97, 12290460
06/23/21, 222.19, 222.24, 217.00, 217.10, 2419664
06/22/21, 222.63, 223.61, 220.5128, 221.44, 1658943
06/21/21, 219.10, 223.77, 218.08, 222.67, 3671287
06/18/21, 220.43, 221.05, 218.32, 218.55, 4016656
06/17/21, 220.27, 223.095, 220.27, 222.21, 1891008
06/16/21, 223.53, 224.36, 220.20, 220.76, 2548827
06/15/21, 226.10, 226.66, 222.87, 223.52, 2188900
06/14/21, 224.23, 226.66, 223.02, 226.10, 2720733
06/11/21, 227.03, 229.59, 221.56, 224.09, 5635964
06/10/21, 226.97, 235.847, 226.25, 233.54, 5598166
06/09/21, 221.35, 226.73, 220.26, 226.00, 4934884
06/08/21, 221.71, 222.27, 217.37, 220.70, 4618467
06/07/21, 201.99, 233.33, 201.83, 222.52, 17231369
06/04/21, 202.79, 204.45, 201.2902, 202.02, 2817826
06/03/21, 198.99, 203.64, 198.61, 202.70, 3066605
06/02/21, 199.01, 200.92, 198.25, 199.13, 2030286
06/01/21, 200.32, 200.89, 196.68, 198.42, 3070326
05/28/21, 199.12, 202.28, 198.53, 199.74, 2386024
05/27/21, 200.65, 201.38, 195.50, 199.20, 9340280
05/26/21, 199.23, 202.44, 198.25, 200.99, 2891438
05/25/21, 201.43, 201.85, 199.14, 199.22, 2919227
05/24/21, 201.00, 203.615, 200.04, 201.02, 2074926
05/21/21, 200.00, 201.92, 199.47, 199.88, 2579208
05/20/21, 197.16, 201.08, 196.17, 199.53, 3494708
05/19/21, 193.61, 197.39, 193.11, 196.51, 3070497
05/18/21, 195.00, 196.35, 193.58, 194.63, 2369384
05/17/21, 196.48, 199.61, 195.09, 195.53, 2464669
05/14/21, 195.71, 197.27, 194.92, 196.21, 1823874
05/13/21, 192.25, 196.11, 191.75, 194.94, 2175323
05/12/21, 194.75, 195.65, 192.73, 193.20, 2397601
05/11/21, 193.39, 195.75, 193.01, 194.75, 1850449
05/10/21, 196.17, 196.61, 193.50, 194.76, 2242047
05/07/21, 194.82, 196.2668, 193.90, 195.42, 2526753
05/06/21, 191.55, 194.10, 189.3227, 193.89, 3101937
05/05/21, 188.65, 193.57, 188.17, 192.81, 4274374
05/04/21, 187.53, 190.08, 186.78, 188.20, 3703540
05/03/21, 182.99, 186.35, 182.92, 185.92, 3196957
04/30/21, 181.84, 183.95, 181.19, 182.77, 3103881
04/29/21, 181.06, 182.63, 180.00, 182.20, 2432461
04/28/21, 181.45, 182.00, 178.5779, 180.55, 4682764
04/27/21, 184.00, 185.87, 180.79, 182.21, 6838740
04/26/21, 188.57, 188.65, 186.06, 187.22, 2797528
04/23/21, 187.03, 189.13, 187.03, 188.72, 2483203
04/22/21, 190.00, 191.27, 186.75, 187.05, 2982838
04/21/21, 191.56, 193.01, 189.80, 190.95, 2219772
04/20/21, 190.41, 193.50, 190.17, 190.61, 2461129
04/19/21, 189.24, 190.88, 188.07, 189.64, 2966439
04/16/21, 187.38, 190.30, 186.88, 189.25, 3732096
04/15/21, 183.79, 187.72, 183.41, 185.92, 2586643
04/14/21, 182.59, 184.469, 182.05, 183.00, 2002075
04/13/21, 181.18, 183.64, 181.18, 182.53, 3089142
04/12/21, 183.43, 183.94, 180.88, 181.82, 2876088
04/09/21, 182.53, 185.14, 182.41, 184.49, 2611218
04/08/21, 182.95, 183.97, 182.47, 182.61, 2393198
04/07/21, 182.90, 183.18, 181.22, 182.32, 3406606
04/06/21, 184.69, 185.63, 182.49, 182.80, 2488379
04/05/21, 185.59, 185.90, 183.10, 184.89, 2864920
04/01/21, 186.82, 188.07, 184.66, 185.24, 2340366
03/31/21, 185.57, 187.94, 185.26, 186.82, 3621314
03/30/21, 185.53, 186.86, 184.71, 185.50, 2523602
03/29/21, 184.66, 187.6696, 183.505, 186.34, 3002626
03/26/21, 184.05, 185.91, 182.63, 185.31, 2868368
03/25/21, 181.00, 183.64, 180.22, 183.09, 2630505
03/24/21, 183.70, 183.835, 179.82, 180.17, 3931458
03/23/21, 185.35, 186.655, 183.25, 183.68, 3284889
03/22/21, 184.05, 185.91, 183.20, 185.84, 2666600
03/19/21, 184.70, 185.80, 183.88, 184.29, 6048561
03/18/21, 186.02, 187.09, 183.80, 183.93, 4239983
03/17/21, 189.73, 189.83, 186.56, 186.73, 5134224
03/16/21, 191.537, 191.62, 187.23, 190.90, 6194240
03/15/21, 193.01, 193.18, 188.20, 189.16, 12405560
03/12/21, 204.89, 208.4599, 202.28, 208.08, 4541373
03/11/21, 206.51, 207.25, 204.27, 205.21, 4037377
03/10/21, 206.885, 208.04, 204.39, 205.45, 3400164
03/09/21, 208.34, 212.16, 206.06, 206.11, 4227322
03/08/21, 207.00, 210.8896, 206.32, 207.03, 3300343
03/05/21, 201.02, 207.67, 200.88, 206.92, 3876160
03/04/21, 203.79, 204.74, 198.61, 200.54, 4308430
03/03/21, 203.37, 204.31, 199.705, 202.00, 3660317
03/02/21, 208.89, 209.95, 204.10, 204.14, 3445286
03/01/21, 205.78, 208.24, 204.78, 206.47, 2797548
02/26/21, 206.70, 206.99, 202.06, 204.89, 3887878
02/25/21, 203.57, 205.55, 201.75, 203.82, 2386804
02/24/21, 201.67, 206.455, 201.63, 204.52, 2848792
02/23/21, 200.31, 204.31, 198.68, 202.48, 3287678
02/22/21, 199.18, 201.61, 197.96, 200.68, 2263632
02/19/21, 201.13, 202.8789, 200.3301, 200.92, 3434858
02/18/21, 205.30, 205.415, 200.95, 201.12, 3919791
02/17/21, 205.01, 206.69, 204.265, 206.46, 3339286
02/16/21, 205.98, 207.49, 203.61, 205.76, 2741949
02/12/21, 201.65, 208.22, 201.15, 207.29, 2611297
02/11/21, 202.87, 204.18, 201.62, 202.58, 3544689
02/10/21, 204.47, 205.55, 201.64, 204.39, 3062709
02/09/21, 203.75, 204.9499, 200.32, 201.71, 2661320
02/08/21, 202.38, 206.43, 201.91, 205.77, 2909487
02/05/21, 201.62, 202.9199, 200.85, 201.77, 2732210
02/04/21, 196.81, 201.88, 195.64, 201.62, 2924329
02/03/21, 197.81, 200.59, 196.89, 196.96, 3679090
02/02/21, 204.38, 205.90, 197.35, 197.56, 5314567
02/01/21, 209.46, 209.89, 203.10, 203.14, 5383786
01/29/21, 211.96, 218.00, 204.46, 207.97, 8401721
01/28/21, 208.00, 211.84, 207.57, 210.12, 5460392
01/27/21, 211.07, 212.02, 205.10, 207.57, 7358032
01/26/21, 212.55, 213.23, 210.60, 212.72, 6601482
01/25/21, 208.24, 212.53, 208.0879, 212.35, 5959055
01/22/21, 202.04, 206.54, 200.56, 206.14, 6128788
01/21/21, 203.70, 204.72, 198.01, 202.35, 8702898
01/20/21, 198.77, 201.7731, 198.68, 201.26, 5335808
01/19/21, 196.00, 199.5199, 194.07, 198.48, 7729052
01/15/21, 186.80, 191.78, 186.80, 190.77, 6624572
01/14/21, 185.27, 188.96, 184.58, 186.69, 4413184
01/13/21, 179.83, 187.62, 179.34, 185.50, 7303875
01/12/21, 182.79, 184.24, 177.438, 178.80, 7179275
01/11/21, 185.00, 189.3012, 182.02, 185.94, 11402290
01/08/21, 166.22, 166.86, 164.64, 166.41, 3438248
01/07/21, 164.18, 167.12, 161.78, 165.83, 3025518
01/06/21, 162.98, 167.28, 162.97, 164.32, 3619696
01/05/21, 165.19, 166.66, 163.20, 166.32, 2322787
01/04/21, 169.02, 169.4776, 163.105, 165.50, 3164894
12/31/20, 167.07, 169.135, 166.29, 168.84, 1643767
12/30/20, 167.44, 168.39, 166.68, 167.01, 1413465
12/29/20, 166.63, 167.75, 165.91, 166.58, 1712024
12/28/20, 167.21, 167.6028, 165.21, 166.50, 1482012
12/24/20, 165.85, 167.94, 165.85, 166.66, 627229
12/23/20, 167.45, 167.9997, 165.47, 165.48, 1697282
12/22/20, 167.71, 168.39, 165.87, 166.72, 2448907
12/21/20, 168.88, 169.00, 165.80, 168.78, 3656017
12/18/20, 172.52, 172.89, 169.00, 171.40, 7356515
12/17/20, 171.73, 173.895, 171.10, 172.63, 3473825
12/16/20, 169.69, 173.19, 166.75, 172.05, 6009932
12/15/20, 159.43, 168.23, 158.05, 167.43, 6976079
12/14/20, 160.69, 162.2871, 157.83, 157.91, 4390109
12/11/20, 159.72, 161.18, 159.06, 160.04, 3435693
12/10/20, 159.87, 162.00, 158.18, 161.00, 6430596
12/09/20, 154.59, 158.94, 153.68, 158.00, 8364372
12/08/20, 146.98, 150.14, 146.91, 149.30, 2754502
12/07/20, 147.30, 148.33, 146.48, 147.42, 2637180
12/04/20, 144.07, 148.72, 144.00, 148.45, 3058757
12/03/20, 145.70, 146.50, 143.13, 144.11, 4059610
12/02/20, 145.36, 147.09, 144.38, 145.16, 3757360
12/01/20, 146.69, 148.06, 145.26, 145.56, 3954412
11/30/20, 146.34, 148.17, 144.90, 145.65, 5842198
11/27/20, 145.65, 147.92, 145.36, 147.44, 1753995
11/25/20, 144.90, 145.34, 142.61, 144.75, 3223766
11/24/20, 143.39, 145.64, 143.11, 144.90, 4127874
11/23/20, 145.54, 145.62, 141.16, 143.38, 3794513
11/20/20, 142.84, 147.09, 142.84, 145.49, 5064305
11/19/20, 140.25, 143.89, 138.92, 143.41, 4626099
11/18/20, 141.90, 142.42, 140.13, 140.17, 2795172
11/17/20, 139.57, 141.96, 138.61, 141.20, 3619448
11/16/20, 143.06, 144.30, 140.00, 140.59, 4957963
11/13/20, 142.43, 143.21, 141.3201, 142.38, 2144882
11/12/20, 142.93, 143.46, 139.86, 141.03, 3464669
11/11/20, 147.76, 147.76, 143.37, 144.76, 3046843
11/10/20, 147.60, 149.20, 143.79, 146.56, 5376964
11/09/20, 142.54, 144.75, 140.60, 142.33, 5493775
11/06/20, 145.05, 147.39, 139.10, 142.74, 6229782
11/05/20, 147.68, 148.81, 144.70, 145.52, 5730964
11/04/20, 134.905, 151.98, 134.905, 148.59, 12211680
11/03/20, 133.64, 134.07, 130.70, 130.98, 3628832
11/02/20, 132.54, 133.95, 129.99, 131.63, 3449595
10/30/20, 131.76, 133.105, 129.21, 130.46, 4336046
10/29/20, 132.00, 133.13, 130.38, 132.55, 4099914
10/28/20, 130.455, 134.1008, 130.31, 131.31, 6188028
10/27/20, 133.02, 136.08, 131.87, 131.90, 11374610
10/26/20, 141.90, 142.2899, 140.05, 141.70, 2947097
10/23/20, 142.24, 144.70, 141.72, 142.38, 2427462
10/22/20, 141.53, 142.265, 140.80, 141.65, 3057821
10/21/20, 142.29, 143.33, 141.21, 141.31, 1983653
10/20/20, 143.36, 144.12, 142.11, 143.59, 2188844
10/19/20, 147.00, 147.4088, 142.21, 142.80, 3158872
10/16/20, 147.11, 148.38, 146.00, 146.12, 2919724
10/15/20, 146.51, 146.91, 145.38, 146.78, 3785950
10/14/20, 150.38, 150.60, 147.71, 148.46, 2710585
10/13/20, 153.00, 154.3269, 148.55, 150.08, 5963891
10/12/20, 156.83, 157.15, 154.42, 154.49, 3242667
10/09/20, 154.09, 157.15, 154.07, 156.88, 4590567
10/08/20, 152.40, 153.94, 150.50, 153.50, 4686102
10/07/20, 148.52, 149.89, 146.85, 148.96, 4602829
10/06/20, 146.93, 147.83, 143.93, 144.13, 2409309
10/05/20, 145.07, 147.47, 144.18, 146.63, 2790616
10/02/20, 143.67, 146.94, 143.27, 145.21, 3879999
10/01/20, 148.33, 148.705, 144.06, 144.29, 3809247
09/30/20, 146.40, 148.445, 145.06, 148.02, 5083858
09/29/20, 147.98, 148.44, 145.93, 146.26, 3308955
09/28/20, 151.00, 151.58, 147.90, 148.10, 2427522
09/25/20, 148.39, 150.40, 147.85, 150.26, 2440587
09/24/20, 149.26, 149.66, 147.37, 148.81, 3424319
09/23/20, 150.05, 151.59, 148.70, 149.81, 3546101
09/22/20, 150.91, 151.57, 149.15, 149.86, 2926393
09/21/20, 153.17, 153.66, 149.06, 151.18, 3501584
09/18/20, 152.04, 154.50, 152.04, 154.17, 13210110
09/17/20, 150.13, 152.68, 149.455, 152.47, 3620831
09/16/20, 151.72, 152.68, 150.79, 150.96, 3619715
09/15/20, 149.96, 151.87, 149.415, 150.08, 2923507
09/14/20, 149.09, 150.505, 147.47, 149.00, 3072507
09/11/20, 147.56, 149.185, 146.88, 148.09, 3001470
09/10/20, 149.88, 150.60, 145.715, 146.22, 3961343
09/09/20, 150.62, 154.12, 150.31, 151.97, 2328525
09/08/20, 150.95, 151.31, 148.50, 149.31, 4351532
09/04/20, 148.77, 152.58, 147.95, 150.91, 4361833
09/03/20, 152.19, 153.37, 147.46, 149.02, 4226126
09/02/20, 146.79, 150.00, 146.51, 149.55, 2407127
09/01/20, 148.61, 149.20, 146.645, 147.30, 2359277
08/31/20, 147.35, 148.795, 147.03, 148.39, 4430706
08/28/20, 148.84, 149.1518, 146.98, 147.34, 2102621
08/27/20, 150.58, 150.94, 148.94, 148.97, 3146090
08/26/20, 149.19, 149.46, 147.41, 149.26, 3029691
08/25/20, 150.36, 151.31, 149.31, 149.68, 2216224
08/24/20, 150.05, 150.40, 148.25, 149.52, 2268439
08/21/20, 151.34, 151.35, 147.95, 149.26, 3111979
08/20/20, 152.55, 152.85, 150.85, 151.34, 1830243
08/19/20, 153.81, 154.41, 152.01, 152.29, 1939000
08/18/20, 152.15, 153.15, 151.15, 153.11, 1960131
08/17/20, 150.92, 152.70, 150.36, 151.53, 2704741
08/14/20, 149.80, 151.69, 149.15, 150.09, 1538044
08/13/20, 150.82, 151.69, 149.79, 150.46, 2077861
08/12/20, 150.79, 153.17, 150.60, 152.55, 2430758
08/11/20, 153.14, 153.14, 150.20, 150.63, 2103351
08/10/20, 152.93, 153.49, 151.53, 153.00, 1745207
08/07/20, 152.96, 153.50, 151.58, 152.93, 2017370
08/06/20, 153.85, 155.50, 151.00, 152.88, 2176543
08/05/20, 157.31, 157.49, 153.30, 154.34, 2476460
08/04/20, 153.38, 156.00, 153.09, 154.85, 3260042
08/03/20, 152.80, 153.85, 151.22, 152.84, 3618435
07/31/20, 153.13, 153.335, 148.74, 150.29, 5342109
07/30/20, 158.45, 158.50, 150.45, 153.00, 6638127
07/29/20, 162.53, 163.025, 161.10, 161.75, 3108858
07/28/20, 161.67, 165.41, 161.345, 162.65, 3483155
07/27/20, 159.60, 161.74, 158.59, 160.50, 2709788
07/24/20, 161.47, 161.47, 158.45, 159.54, 2247922
07/23/20, 165.26, 165.46, 160.79, 161.52, 2408773
07/22/20, 165.54, 165.85, 162.33, 164.84, 1686461
07/21/20, 166.87, 167.23, 164.76, 165.30, 1540685
07/20/20, 166.49, 167.71, 165.73, 167.04, 1806386
07/17/20, 166.04, 167.26, 165.11, 165.96, 3027743
07/16/20, 164.95, 165.44, 162.60, 165.00, 1486791
07/15/20, 165.19, 166.48, 163.895, 165.45, 2346191
07/14/20, 162.88, 164.77, 161.53, 163.88, 2642956
07/13/20, 164.61, 167.00, 161.04, 162.08, 3455741
07/10/20, 166.14, 166.14, 162.74, 163.36, 2245221
07/09/20, 169.88, 170.75, 163.71, 166.45, 2955246
07/08/20, 166.84, 169.82, 166.84, 169.13, 2782025
07/07/20, 166.12, 168.38, 165.27, 166.75, 3273315
07/06/20, 164.46, 168.92, 164.01, 166.89, 2760124
07/02/20, 164.07, 164.77, 162.37, 163.87, 1960202
07/01/20, 164.32, 165.47, 162.52, 163.30, 2065209
06/30/20, 163.11, 165.17, 162.30, 164.18, 3296344
06/29/20, 163.85, 164.205, 161.03, 162.72, 2640297
06/26/20, 162.33, 163.7888, 160.18, 162.83, 5290721
06/25/20, 157.64, 163.39, 156.71, 162.86, 3735845
06/24/20, 158.55, 159.79, 156.33, 157.03, 3095967
06/23/20, 160.89, 162.87, 158.95, 159.34, 2771597
06/22/20, 159.18, 161.48, 158.92, 160.45, 2647611
06/19/20, 162.23, 162.48, 158.26, 159.94, 6004898
06/18/20, 159.20, 162.97, 158.20, 161.07, 3631610
06/17/20, 164.23, 164.36, 159.40, 159.97, 4711157
06/16/20, 156.32, 167.43, 155.00, 163.71, 15029910
06/15/20, 142.00, 142.90, 139.68, 141.52, 3710714
06/12/20, 145.54, 146.38, 141.47, 143.54, 3973250
06/11/20, 151.85, 152.24, 143.05, 144.08, 4547384
06/10/20, 149.96, 152.40, 149.84, 151.00, 4940240
06/09/20, 149.75, 151.75, 149.11, 149.13, 4302321
06/08/20, 146.75, 149.25, 146.52, 149.21, 4076682
06/05/20, 149.70, 151.76, 148.34, 149.21, 4579125
06/04/20, 152.21, 153.54, 149.711, 150.71, 3328760
06/03/20, 153.34, 154.39, 150.85, 152.53, 3190321
06/02/20, 152.08, 154.08, 151.04, 153.86, 3269734
06/01/20, 154.47, 154.99, 150.891, 152.45, 5235562
05/29/20, 151.66, 153.64, 149.94, 152.95, 9466743
05/28/20, 147.43, 152.10, 146.51, 150.65, 3983510
05/27/20, 148.17, 148.17, 143.62, 145.70, 5376334
05/26/20, 151.11, 151.76, 147.16, 147.96, 5013422
05/22/20, 152.22, 152.56, 150.1672, 151.16, 2354972
05/21/20, 153.15, 153.15, 149.7208, 152.28, 3049756
05/20/20, 155.27, 157.43, 151.61, 153.13, 3780795
05/19/20, 156.85, 159.13, 155.28, 156.70, 2339430
05/18/20, 161.34, 162.37, 157.11, 157.96, 2703730
05/15/20, 158.63, 159.51, 156.03, 159.23, 2824638
05/14/20, 155.94, 158.95, 153.81, 158.38, 2393935
05/13/20, 157.03, 159.35, 156.04, 157.93, 2649972
05/12/20, 159.87, 161.40, 157.59, 157.72, 2329658
05/11/20, 153.47, 159.47, 153.08, 158.55, 3196292
05/08/20, 154.20, 154.42, 152.55, 153.51, 1967688
05/07/20, 157.50, 157.69, 152.72, 152.97, 2330591
05/06/20, 158.46, 158.94, 156.35, 156.68, 1964792
05/05/20, 153.80, 159.22, 152.75, 157.89, 2862645
05/04/20, 154.65, 156.00, 151.26, 153.28, 2228949
05/01/20, 153.72, 154.605, 151.57, 153.63, 2576671
04/30/20, 155.20, 156.9785, 153.28, 154.64, 4175767
04/29/20, 157.76, 158.03, 154.67, 155.16, 3241034
04/28/20, 160.94, 161.9803, 156.59, 157.30, 3270605
04/27/20, 164.00, 164.50, 160.72, 161.29, 3210509
04/24/20, 162.00, 164.90, 160.61, 162.93, 4414235
04/23/20, 157.18, 162.56, 154.00, 159.93, 5692905
04/22/20, 154.61, 157.28, 153.57, 156.71, 3279266
04/21/20, 155.41, 155.80, 151.41, 152.67, 4270235
04/20/20, 156.63, 160.1974, 155.61, 157.79, 2562267
04/17/20, 155.42, 157.67, 153.03, 157.29, 3709893
04/16/20, 152.89, 155.59, 152.00, 154.73, 3512945
04/15/20, 148.94, 153.40, 148.51, 151.18, 3614430
04/14/20, 147.28, 151.5483, 144.05, 151.11, 3809624
04/13/20, 144.97, 146.59, 142.88, 144.42, 2289127
04/09/20, 144.51, 146.40, 143.55, 145.73, 4415537
04/08/20, 142.05, 147.25, 140.50, 146.22, 4006811
04/07/20, 143.13, 144.80, 140.05, 141.88, 3900683
04/06/20, 142.27, 143.50, 140.30, 141.61, 4154090
04/03/20, 140.92, 144.60, 138.46, 139.66, 4013280
04/02/20, 135.35, 142.80, 133.03, 142.18, 4725051
04/01/20, 134.00, 137.19, 132.98, 136.42, 3297943
03/31/20, 136.96, 142.02, 134.52, 138.72, 7561617
03/30/20, 133.87, 141.77, 133.51, 138.44, 5057365
03/27/20, 130.65, 137.61, 130.1966, 134.11, 4717376
03/26/20, 123.29, 135.7396, 121.94, 134.35, 6723870
03/25/20, 120.12, 126.14, 119.21, 121.94, 6472192
03/24/20, 123.24, 124.60, 117.41, 122.89, 6827409
03/23/20, 120.95, 126.88, 117.06, 119.05, 7299342
03/20/20, 132.16, 132.25, 120.2315, 122.40, 9113640
03/19/20, 142.49, 142.98, 131.12, 133.09, 6555120
03/18/20, 136.34, 144.00, 134.08, 143.09, 6734850
03/17/20, 133.21, 143.59, 131.10, 143.20, 8909251
03/16/20, 131.00, 138.68, 128.2514, 129.38, 6619710
03/13/20, 132.95, 139.37, 128.505, 139.37, 6841696
03/12/20, 130.79, 136.50, 125.93, 126.02, 7836650
03/11/20, 139.46, 141.84, 137.3942, 140.02, 7211964
03/10/20, 139.23, 141.93, 134.72, 141.19, 5961351
03/09/20, 134.02, 140.93, 133.31, 135.72, 5351578
03/06/20, 136.12, 142.36, 135.55, 141.46, 8010654
03/05/20, 138.38, 141.91, 137.53, 140.15, 6882129
03/04/20, 133.03, 140.86, 133.00, 140.38, 5301949
03/03/20, 133.28, 135.65, 128.69, 130.31, 6936631
03/02/20, 127.74, 133.00, 126.21, 132.84, 7355667
02/28/20, 126.38, 126.80, 121.51, 126.13, 7898390
02/27/20, 133.33, 134.6699, 129.05, 129.19, 4292823
02/26/20, 136.03, 137.02, 133.31, 133.53, 4659289
02/25/20, 138.94, 139.23, 134.62, 135.41, 3401770
02/24/20, 139.28, 141.59, 137.87, 138.15, 4727778
02/21/20, 141.34, 142.65, 140.33, 142.04, 2900958
02/20/20, 141.63, 142.805, 141.195, 142.00, 3416988
02/19/20, 141.62, 141.84, 140.36, 140.83, 3082771
02/18/20, 141.02, 141.96, 140.53, 141.01, 2858223
02/14/20, 142.25, 142.3162, 140.565, 141.12, 2274126
02/13/20, 142.86, 143.74, 141.79, 141.80, 3455635
02/12/20, 144.67, 144.90, 143.49, 143.51, 3953354
02/11/20, 145.73, 145.86, 143.18, 144.25, 2976514
02/10/20, 141.50, 145.55, 141.12, 145.51, 4892179
02/07/20, 147.22, 147.22, 145.38, 146.41, 2670411
02/06/20, 147.74, 147.87, 146.81, 147.30, 3285190
02/05/20, 144.78, 147.36, 144.53, 147.35, 4061100
02/04/20, 142.30, 144.07, 141.78, 143.44, 3177572
02/03/20, 140.53, 141.57, 139.68, 141.00, 5137780
01/31/20, 142.85, 142.85, 139.47, 139.64, 3913487
01/30/20, 138.18, 143.72, 138.10, 142.67, 5243822
01/29/20, 139.51, 141.14, 138.97, 139.92, 2816298
01/28/20, 138.69, 139.88, 138.23, 139.26, 2649056
01/27/20, 137.34, 139.10, 137.34, 138.31, 2826627
01/24/20, 141.85, 141.99, 138.70, 139.07, 3183268
01/23/20, 141.25, 141.74, 139.88, 141.21, 3138694
01/22/20, 141.25, 142.25, 140.6915, 141.56, 2742065
01/21/20, 139.50, 141.57, 138.43, 140.91, 4849620
01/17/20, 140.88, 141.74, 139.36, 139.58, 5393587
01/16/20, 141.83, 141.97, 139.85, 141.43, 3794808
01/15/20, 140.58, 141.69, 140.01, 141.11, 3676480
01/14/20, 138.99, 140.90, 138.12, 140.65, 4685251
01/13/20, 138.20, 139.99, 137.89, 138.94, 5117116
01/10/20, 135.78, 138.27, 135.53, 138.00, 4177719
01/09/20, 134.55, 136.36, 134.01, 135.92, 4524048
01/08/20, 132.46, 134.21, 132.01, 133.71, 5188559
01/07/20, 131.70, 132.925, 131.70, 132.51, 2448943
01/06/20, 131.42, 132.56, 130.94, 132.26, 2102920
01/03/20, 130.30, 132.47, 130.23, 131.77, 1963912
01/02/20, 131.77, 132.26, 130.73, 132.21, 1927432
12/31/19, 131.18, 131.52, 130.50, 131.43, 1549861
12/30/19, 131.52, 131.93, 130.87, 131.30, 1856229
12/27/19, 131.57, 131.77, 130.84, 131.52, 2161345
12/26/19, 131.00, 131.70, 130.66, 131.14, 1272183
12/24/19, 131.07, 131.21, 130.13, 131.11, 1215797
12/23/19, 132.39, 132.58, 131.0287, 131.15, 2473592
12/20/19, 132.49, 137.00, 131.24, 132.43, 9230757
12/19/19, 129.08, 130.99, 128.34, 130.85, 4423412
12/18/19, 127.88, 129.98, 127.69, 129.48, 8173458
12/17/19, 124.00, 127.03, 123.31, 125.33, 6723678
12/16/19, 123.07, 124.26, 122.06, 122.85, 3468563
12/13/19, 121.98, 122.19, 120.72, 121.53, 3343223
12/12/19, 120.56, 121.9325, 120.56, 121.70, 2959433
12/11/19, 120.56, 121.20, 119.98, 120.78, 3438106
12/10/19, 120.56, 121.15, 120.11, 120.65, 3592725
12/09/19, 119.53, 120.84, 118.94, 120.24, 2344005
12/06/19, 119.97, 120.705, 119.58, 119.64, 2462830
12/05/19, 118.40, 119.92, 117.54, 119.77, 3003189
12/04/19, 118.28, 118.84, 117.57, 118.67, 2597005
12/03/19, 116.40, 117.92, 115.92, 117.61, 3052711
12/02/19, 117.52, 118.25, 116.10, 116.74, 2200267
11/29/19, 117.23, 118.04, 117.17, 117.35, 1243926
11/27/19, 117.73, 117.90, 116.62, 117.44, 1798268
11/26/19, 117.47, 118.11, 117.00, 117.09, 4705350
11/25/19, 116.60, 118.46, 116.60, 117.47, 2939682
11/22/19, 115.09, 116.68, 114.71, 116.20, 3120074
11/21/19, 114.70, 115.52, 113.29, 114.75, 2909502
11/20/19, 114.96, 115.92, 114.05, 114.61, 3638226
11/19/19, 114.03, 116.12, 113.75, 115.10, 3781612
11/18/19, 113.02, 114.13, 112.86, 114.07, 3361591
11/15/19, 111.33, 113.82, 111.33, 113.19, 4857381
11/14/19, 112.19, 112.36, 111.00, 111.39, 2627138
11/13/19, 112.87, 113.53, 112.25, 112.79, 3275038
11/12/19, 112.77, 114.04, 112.45, 113.17, 2273221
11/11/19, 113.46, 114.21, 112.22, 112.80, 1770222
11/08/19, 112.65, 113.57, 112.10, 113.53, 2224211
11/07/19, 114.23, 114.63, 112.03, 112.77, 3076343
11/06/19, 111.57, 114.29, 111.51, 113.82, 3973691
11/05/19, 112.95, 113.08, 110.51, 111.25, 3357293
11/04/19, 113.24, 114.33, 112.865, 113.11, 3002129
11/01/19, 114.07, 114.51, 112.3148, 112.51, 2629123
10/31/19, 112.36, 114.665, 112.00, 113.95, 4124383
10/30/19, 111.37, 113.21, 111.26, 112.72, 2424676
10/29/19, 112.50, 112.81, 111.50, 111.67, 2987828
10/28/19, 110.62, 113.19, 110.62, 112.99, 4168518
10/25/19, 108.08, 110.59, 107.54, 110.20, 4234636
10/24/19, 107.50, 108.21, 106.25, 107.84, 3315208
10/23/19, 106.00, 107.75, 101.36, 107.40, 9115337
10/22/19, 109.98, 111.46, 108.89, 109.84, 5750365
10/21/19, 108.87, 109.00, 107.77, 107.91, 4079997
10/18/19, 108.31, 108.94, 107.90, 108.64, 2207095
10/17/19, 109.22, 109.46, 108.26, 108.46, 2268095
10/16/19, 109.18, 109.48, 107.79, 107.95, 2316857
10/15/19, 108.35, 110.10, 108.22, 109.70, 1761041
10/14/19, 108.52, 109.13, 107.88, 107.90, 1371611
10/11/19, 107.75, 109.14, 107.59, 108.36, 2558319
10/10/19, 107.03, 107.485, 106.58, 106.92, 2797589
10/09/19, 107.56, 108.15, 106.88, 107.30, 1637391
10/08/19, 106.89, 108.325, 105.95, 107.19, 2841693
10/07/19, 108.31, 108.65, 107.57, 107.83, 1506055
10/04/19, 107.49, 108.26, 107.00, 108.20, 2889307
10/03/19, 107.09, 108.10, 106.21, 107.29, 2875446
10/02/19, 110.33, 110.64, 106.66, 107.00, 4556003
10/01/19, 111.94, 112.45, 110.405, 110.96, 2493452
09/30/19, 112.40, 113.45, 111.685, 111.83, 2580818
09/27/19, 112.35, 113.37, 111.38, 112.37, 1906299
09/26/19, 112.04, 112.66, 110.69, 111.82, 2684304
09/25/19, 112.88, 113.85, 111.31, 111.39, 3117780
09/24/19, 114.36, 114.55, 111.94, 113.25, 3578773
09/23/19, 116.00, 116.54, 113.97, 114.18, 2933808
09/20/19, 115.93, 117.23, 114.47, 116.16, 7543885
09/19/19, 112.86, 115.11, 112.39, 114.35, 3947358
09/18/19, 111.44, 112.91, 111.17, 112.72, 3165105
09/17/19, 110.33, 111.19, 109.63, 111.12, 2489451
09/16/19, 110.42, 110.53, 109.21, 110.13, 1728877
09/13/19, 111.74, 112.15, 110.235, 110.89, 2842551
09/12/19, 111.92, 112.42, 111.12, 111.47, 3578469
09/11/19, 111.78, 112.00, 110.29, 111.69, 3404057
09/10/19, 108.37, 111.13, 106.40, 111.10, 6589495
09/09/19, 114.52, 114.52, 110.35, 111.07, 4982379
09/06/19, 114.78, 114.99, 113.84, 114.05, 2904651
09/05/19, 113.96, 115.44, 113.26, 114.60, 4045864
09/04/19, 114.38, 114.50, 112.45, 113.25, 3758039
09/03/19, 112.54, 114.02, 112.19, 113.96, 3710342
08/30/19, 112.82, 114.17, 111.9208, 112.97, 2870678
08/29/19, 111.81, 112.38, 110.60, 112.25, 2708553
08/28/19, 110.33, 111.54, 109.79, 110.97, 1744383
08/27/19, 112.31, 112.88, 110.73, 110.73, 2945278
08/26/19, 110.61, 111.82, 110.25, 111.78, 2565480
08/23/19, 111.46, 112.56, 108.88, 109.51, 3870286
08/22/19, 111.44, 112.27, 110.79, 111.61, 1840186
08/21/19, 112.00, 112.44, 110.00, 111.46, 2207306
08/20/19, 112.33, 112.88, 110.91, 111.01, 2074810
08/19/19, 111.05, 112.94, 110.79, 112.53, 2903526
08/16/19, 110.94, 111.33, 109.29, 110.52, 3497595
08/15/19, 110.42, 111.312, 109.21, 110.23, 3939890
08/14/19, 114.86, 114.87, 110.22, 110.29, 4937899
08/13/19, 113.53, 116.14, 113.43, 115.70, 5322106
08/12/19, 112.90, 114.06, 112.29, 113.60, 2318433
08/09/19, 113.24, 114.55, 112.35, 113.77, 2788109
08/08/19, 111.96, 114.54, 111.64, 113.97, 4815896
08/07/19, 110.37, 111.38, 108.53, 111.12, 4231696
08/06/19, 109.47, 112.12, 109.0401, 111.40, 5490049
08/05/19, 111.38, 112.49, 107.44, 108.71, 4765810
08/02/19, 110.96, 113.27, 110.575, 112.42, 4477651
08/01/19, 109.02, 110.74, 108.31, 110.51, 3678958
07/31/19, 108.06, 110.71, 107.61, 108.95, 5535653
07/30/19, 108.30, 110.02, 107.00, 108.69, 4664226
07/29/19, 108.07, 110.24, 108.07, 108.72, 3192491
07/26/19, 107.92, 109.23, 107.54, 108.27, 3470705
07/25/19, 108.57, 110.38, 107.68, 107.82, 4597004
07/24/19, 108.35, 109.66, 107.16, 108.52, 3762654
07/23/19, 107.50, 109.40, 106.055, 108.22, 5098250
07/22/19, 106.92, 107.36, 105.87, 107.27, 2894549
07/19/19, 108.50, 108.515, 106.58, 106.79, 4821024
07/18/19, 107.83, 108.48, 107.24, 108.34, 3232898
07/17/19, 109.35, 109.65, 107.08, 107.09, 3507528
07/16/19, 109.00, 109.19, 107.97, 108.82, 2206469
07/15/19, 108.30, 109.16, 107.59, 108.47, 4405586
07/12/19, 109.47, 109.47, 105.147, 108.29, 7211104
07/11/19, 111.53, 112.24, 109.10, 109.82, 6589644
07/10/19, 113.27, 114.65, 112.67, 114.53, 3339127
07/09/19, 111.85, 113.36, 111.85, 113.08, 2717664
07/08/19, 112.47, 112.79, 110.91, 111.52, 2998716
07/05/19, 114.05, 114.37, 112.55, 112.82, 2444038
07/03/19, 114.87, 115.465, 113.78, 114.42, 3707683
07/02/19, 112.82, 114.21, 112.40, 114.20, 2344708
07/01/19, 111.31, 112.84, 110.64, 112.74, 3238667
06/28/19, 111.80, 111.83, 110.02, 110.79, 8958684
06/27/19, 111.74, 112.21, 111.155, 111.47, 3615883
06/26/19, 114.81, 114.95, 110.62, 111.34, 4677503
06/25/19, 115.51, 116.83, 115.17, 115.36, 2110156
06/24/19, 115.08, 116.15, 114.71, 115.63, 2570460
06/21/19, 115.74, 115.93, 114.81, 115.49, 4024596
06/20/19, 116.35, 117.07, 115.26, 115.56, 2840116
06/19/19, 115.02, 115.99, 114.34, 115.23, 3320718
06/18/19, 113.65, 114.83, 113.22, 114.65, 2868693
06/17/19, 111.64, 113.42, 111.34, 113.40, 3032339
06/14/19, 112.13, 112.25, 111.01, 111.74, 3188051
06/13/19, 115.40, 115.40, 110.61, 111.82, 8477341
06/12/19, 112.50, 115.50, 112.50, 115.24, 3793939
06/11/19, 114.78, 115.59, 111.85, 112.21, 5681300
06/10/19, 116.00, 116.00, 113.88, 113.93, 8172376
06/07/19, 118.19, 118.94, 117.89, 118.35, 2726282
06/06/19, 117.52, 118.94, 117.27, 117.50, 3882788
06/05/19, 118.03, 118.38, 116.53, 117.02, 4175988
06/04/19, 118.08, 118.93, 117.41, 117.56, 3122814
06/03/19, 116.53, 117.72, 116.04, 116.77, 4722140
05/31/19, 115.34, 117.58, 114.99, 115.94, 6098447
05/30/19, 115.49, 116.30, 114.96, 115.90, 2392848
05/29/19, 115.61, 115.8004, 114.43, 115.49, 5915784
05/28/19, 117.09, 118.4054, 115.70, 115.76, 5007231
05/24/19, 117.53, 117.55, 116.45, 116.79, 2086492
05/23/19, 117.76, 117.96, 116.48, 116.81, 3653517
05/22/19, 116.12, 118.39, 116.12, 117.98, 3934227
05/21/19, 117.04, 117.79, 116.53, 116.58, 2611127
05/20/19, 115.87, 116.30, 115.00, 116.23, 3042762
05/17/19, 115.70, 116.65, 115.22, 116.01, 3109760
05/16/19, 114.57, 117.68, 114.57, 116.73, 3914074
05/15/19, 115.25, 115.84, 114.32, 115.62, 3724484
05/14/19, 114.73, 115.53, 114.53, 114.94, 3668359
05/13/19, 114.86, 115.19, 113.87, 114.37, 4284654
05/10/19, 115.63, 116.32, 114.22, 116.22, 3660485
05/09/19, 115.86, 116.145, 114.775, 115.80, 5818894
05/08/19, 115.85, 116.89, 115.23, 116.25, 2992573
05/07/19, 116.30, 116.49, 114.46, 114.94, 5127210
05/06/19, 115.82, 117.08, 115.30, 116.65, 5952074
05/03/19, 118.44, 118.44, 116.535, 116.91, 5695485
05/02/19, 118.44, 118.5695, 116.86, 118.46, 4169249
05/01/19, 117.05, 119.534, 116.56, 118.18, 5392077
04/30/19, 116.61, 117.14, 114.91, 117.04, 7548382
04/29/19, 119.90, 120.01, 119.25, 119.60, 4097385
04/26/19, 118.83, 119.92, 118.67, 119.87, 3372541
04/25/19, 117.75, 118.675, 116.75, 118.23, 3425006
04/24/19, 118.29, 118.43, 117.23, 118.00, 4254080
04/23/19, 116.04, 117.89, 115.43, 117.49, 5891462
04/22/19, 115.04, 115.57, 113.65, 115.47, 7519732
04/18/19, 116.23, 116.65, 114.135, 115.20, 9805773
04/17/19, 120.00, 120.06, 115.89, 116.50, 14842850
04/16/19, 124.93, 124.93, 119.79, 119.96, 6573485
04/15/19, 123.77, 124.35, 123.1599, 124.08, 4549115
04/12/19, 125.24, 125.24, 123.02, 123.06, 5470362
04/11/19, 126.86, 127.32, 124.51, 125.15, 5520681
04/10/19, 127.56, 127.97, 126.93, 127.19, 4227063
04/09/19, 126.76, 128.12, 126.60, 127.24, 4215648
04/08/19, 126.50, 127.28, 126.0918, 127.16, 3430908
04/05/19, 126.49, 127.01, 125.61, 126.99, 4656359
04/04/19, 127.34, 127.35, 124.61, 125.61, 5540197
04/03/19, 129.11, 129.25, 126.84, 127.05, 4425479
04/02/19, 129.04, 129.57, 128.235, 129.32, 3214621
04/01/19, 130.71, 131.35, 129.05, 129.05, 5132275
03/29/19, 129.01, 129.935, 128.98, 129.76, 5729087
03/28/19, 129.34, 129.90, 128.87, 128.95, 6112929
03/27/19, 130.96, 131.555, 128.52, 128.77, 7675098
03/26/19, 130.24, 132.13, 129.70, 131.02, 5872941
03/25/19, 128.61, 130.58, 128.41, 129.87, 5972779
03/22/19, 128.73, 129.48, 127.43, 128.30, 15332900
03/21/19, 126.88, 128.98, 126.64, 128.31, 5704385
03/20/19, 127.54, 129.10, 126.83, 128.16, 7520705
03/19/19, 125.26, 126.65, 125.14, 126.59, 13726270
03/18/19, 123.99, 125.35, 123.50, 125.24, 16052340
03/15/19, 123.10, 124.16, 121.96, 123.94, 47331008
03/14/19, 124.98, 124.98, 122.51, 123.08, 42768801
03/13/19, 124.60, 130.75, 123.16, 124.31, 68139297
03/12/19, 123.50, 124.02, 122.679, 123.50, 8077894
03/11/19, 122.80, 124.91, 122.51, 123.50, 61771246
03/08/19, 126.37, 126.98, 125.25, 126.70, 50169781
03/07/19, 126.41, 127.19, 125.13, 126.34, 60615566
03/06/19, 128.75, 128.79, 125.39, 126.68, 74822875
03/05/19, 128.40, 128.8728, 126.72, 128.49, 53212633
03/04/19, 130.51, 130.51, 125.34, 127.46, 59468809
03/01/19, 127.25, 129.42, 126.58, 128.84, 43291168
02/28/19, 125.52, 127.77, 125.20, 126.29, 36023633
02/27/19, 124.49, 126.48, 124.08, 125.68, 32135801
02/26/19, 123.86, 125.16, 123.32, 124.67, 20791000
02/25/19, 124.10, 124.67, 123.47, 123.89, 13682430
02/22/19, 122.73, 124.74, 122.65, 124.00, 19574000
02/21/19, 122.06, 123.76, 121.80, 122.72, 20798850
02/20/19, 122.38, 123.05, 121.61, 122.66, 19880301
02/19/19, 121.31, 123.33, 121.30, 122.13, 17861449
02/15/19, 121.18, 122.48, 120.40, 122.48, 10366440
02/14/19, 118.94, 121.25, 118.80, 120.75, 17847189
02/13/19, 119.60, 120.28, 118.11, 119.65, 12738560
02/12/19, 117.76, 119.90, 117.50, 119.49, 6975683
02/11/19, 119.20, 119.94, 117.04, 118.01, 7203060
02/08/19, 117.73, 121.43, 117.45, 119.60, 16195400
02/07/19, 119.00, 119.33, 116.86, 117.50, 7935029
02/06/19, 118.67, 120.82, 117.74, 119.27, 7421020
02/05/19, 120.72, 121.74, 120.40, 120.43, 8832402
02/04/19, 121.21, 121.84, 118.69, 120.17, 4518418
02/01/19, 120.32, 120.99, 119.13, 120.89, 4171696
01/31/19, 116.94, 120.14, 116.7274, 119.86, 5746070
01/30/19, 115.53, 117.08, 115.53, 116.94, 4362867
01/29/19, 114.39, 115.95, 113.91, 115.71, 3767564
01/28/19, 114.72, 115.11, 113.54, 115.03, 3590920
01/25/19, 115.34, 115.35, 114.04, 114.97, 4599052
01/24/19, 118.22, 118.22, 114.20, 114.99, 6946450
01/23/19, 117.11, 118.90, 116.92, 118.79, 4012069
01/22/19, 115.69, 117.11, 115.69, 117.09, 4377479
01/18/19, 115.58, 116.90, 115.0197, 116.59, 8886961
01/17/19, 116.81, 119.20, 116.55, 119.16, 4401880
01/16/19, 116.99, 118.07, 116.48, 116.80, 2920573
01/15/19, 113.91, 118.22, 113.40, 117.09, 5097713
01/14/19, 115.20, 115.25, 114.33, 114.68, 4404603
01/11/19, 115.27, 116.21, 115.10, 116.18, 2648795
01/10/19, 117.09, 117.22, 114.97, 115.94, 4282265
01/09/19, 116.37, 118.22, 116.22, 117.21, 5820142
01/08/19, 115.69, 116.42, 114.52, 116.34, 3428938
01/07/19, 112.37, 116.44, 112.05, 115.28, 7749593
01/04/19, 112.21, 114.84, 111.74, 114.66, 5795155
01/03/19, 114.72, 114.74, 111.10, 111.31, 4203286
01/02/19, 114.79, 115.43, 112.75, 114.88, 4247101
12/31/18, 114.34, 115.85, 114.2435, 115.72, 2731012
12/28/18, 113.40, 115.09, 112.59, 114.20, 3983974
12/27/18, 110.24, 112.90, 108.73, 112.89, 4101569
12/26/18, 106.76, 111.09, 106.4301, 111.09, 3792440
12/24/18, 109.35, 109.41, 106.63, 106.75, 3283982
12/21/18, 109.29, 111.51, 108.68, 109.42, 13154490
12/20/18, 109.10, 110.16, 108.12, 109.29, 8362313
12/19/18, 111.54, 111.54, 107.70, 109.11, 8362827
12/18/18, 109.43, 109.66, 105.67, 106.50, 6864411
12/17/18, 111.21, 111.30, 107.72, 108.36, 6121672
12/14/18, 114.29, 114.58, 111.24, 111.93, 5306062
12/13/18, 114.62, 115.15, 113.84, 114.86, 3609870
12/12/18, 115.48, 115.74, 114.27, 114.34, 3758775
12/11/18, 114.84, 115.62, 113.922, 114.50, 3806777
12/10/18, 113.60, 114.65, 111.02, 114.09, 3832638
12/07/18, 115.53, 115.78, 112.7741, 113.58, 4128118
12/06/18, 115.32, 115.99, 112.98, 115.84, 5064370
12/04/18, 118.65, 119.84, 116.32, 116.52, 5676621
12/03/18, 118.64, 118.69, 117.54, 118.52, 4290056
11/30/18, 117.61, 118.71, 116.22, 118.64, 8965653
11/29/18, 115.30, 117.93, 114.97, 117.00, 4688290
11/28/18, 114.73, 115.83, 113.76, 115.53, 4814474
11/27/18, 112.28, 114.25, 111.71, 114.22, 3263212
11/26/18, 111.26, 113.60, 110.97, 112.38, 3296174
11/23/18, 111.86, 113.81, 111.4011, 112.87, 1896989
11/21/18, 114.28, 114.28, 112.13, 112.23, 3619688
11/20/18, 114.88, 116.20, 114.32, 114.72, 4877472
11/19/18, 113.00, 116.10, 113.00, 115.81, 4869819
11/16/18, 111.68, 114.30, 111.67, 113.83, 4766426
11/15/18, 109.18, 112.23, 108.54, 112.20, 4796847
11/14/18, 112.36, 112.65, 109.74, 109.81, 5392810
11/13/18, 114.25, 114.25, 111.83, 112.39, 4239691
11/12/18, 112.26, 114.71, 112.26, 113.20, 5078884
11/09/18, 110.42, 112.535, 109.70, 112.21, 5054447
11/08/18, 109.49, 110.94, 109.01, 110.10, 3666296
11/07/18, 106.85, 110.78, 106.72, 109.72, 5875413
11/06/18, 109.00, 109.30, 104.95, 105.90, 6803677
11/05/18, 110.43, 112.08, 109.76, 110.14, 7368580
11/02/18, 108.14, 108.39, 105.93, 106.75, 3577348
11/01/18, 108.74, 109.23, 107.33, 107.86, 3639419
10/31/18, 109.59, 110.43, 108.35, 108.44, 4349230
10/30/18, 107.23, 108.51, 107.0813, 108.34, 3325906
10/29/18, 107.45, 109.08, 106.30, 107.40, 3587793
10/26/18, 107.05, 107.47, 105.06, 106.39, 4464491
10/25/18, 106.43, 108.82, 104.1701, 107.89, 4114808
10/24/18, 110.22, 111.15, 106.19, 106.32, 6739409
10/23/18, 110.70, 111.46, 109.06, 110.39, 3756996
10/22/18, 112.00, 112.715, 111.37, 112.03, 2938281
10/19/18, 112.88, 113.36, 110.66, 111.92, 4224178
10/18/18, 113.93, 114.25, 112.41, 113.31, 3619647
10/17/18, 110.98, 113.765, 110.86, 113.59, 4402132
10/16/18, 110.84, 111.22, 109.93, 111.03, 4192834
10/15/18, 110.50, 111.8099, 109.98, 110.62, 3884714
10/12/18, 109.00, 111.02, 108.43, 110.48, 4519158
10/11/18, 113.09, 113.32, 106.58, 107.91, 7226578
10/10/18, 114.96, 115.37, 113.25, 113.34, 5602901
10/09/18, 115.09, 116.00, 114.23, 115.45, 4715996
10/08/18, 114.85, 116.61, 114.7705, 115.46, 6002313
10/05/18, 114.09, 115.45, 114.09, 115.02, 8330288
10/04/18, 113.62, 115.68, 111.0357, 112.99, 10940820
10/03/18, 108.465, 109.61, 108.24, 108.62, 5097152
10/02/18, 107.50, 108.14, 107.19, 107.96, 3787914
10/01/18, 107.67, 107.705, 107.03, 107.60, 2707981
09/28/18, 106.77, 107.74, 106.30, 107.31, 2812344
09/27/18, 106.49, 107.17, 106.21, 106.69, 2093719
09/26/18, 106.06, 107.37, 106.005, 106.31, 3707259
09/25/18, 106.01, 106.755, 105.54, 105.70, 3775742
09/24/18, 105.95, 106.67, 105.59, 105.59, 3095472
09/21/18, 106.23, 106.87, 105.35, 106.33, 5333680
09/20/18, 105.72, 106.11, 104.22, 106.07, 3761998
09/19/18, 106.88, 107.07, 105.50, 105.74, 3270389
09/18/18, 105.87, 107.19, 105.11, 106.88, 3668807
09/17/18, 105.61, 106.765, 105.05, 105.71, 4972164
09/14/18, 106.57, 106.69, 105.40, 105.77, 3103127
09/13/18, 106.16, 106.71, 105.82, 106.58, 5167412
09/12/18, 105.81, 106.49, 105.51, 105.97, 3925971
09/11/18, 106.41, 106.62, 105.515, 105.64, 3516440
09/10/18, 107.50, 107.84, 106.391, 106.42, 2950800
09/07/18, 105.15, 107.24, 104.80, 107.03, 3822938
09/06/18, 105.67, 105.75, 103.655, 105.37, 3180701
09/05/18, 104.85, 106.11, 104.70, 105.72, 3366560
09/04/18, 105.31, 105.70, 104.38, 104.62, 3106984
08/31/18, 105.14, 105.86, 104.47, 105.65, 3278851
08/30/18, 105.18, 105.735, 104.94, 105.48, 2928553
08/29/18, 104.40, 105.59, 104.28, 105.33, 2949508
08/28/18, 105.03, 105.59, 104.59, 105.18, 2516832
08/27/18, 106.15, 106.49, 104.94, 105.11, 2452478
08/24/18, 105.57, 106.04, 104.53, 105.77, 3089852
08/23/18, 104.99, 105.25, 104.39, 104.82, 2043366
08/22/18, 104.80, 105.63, 104.15, 105.03, 1964353
08/21/18, 106.02, 106.1299, 104.72, 105.07, 2775584
08/20/18, 105.58, 106.38, 105.58, 105.82, 2765514
08/17/18, 104.43, 105.92, 103.96, 105.55, 3824340
08/16/18, 103.25, 104.94, 103.25, 104.36, 4427168
08/15/18, 102.28, 103.44, 102.08, 103.33, 3143222
08/14/18, 101.77, 102.8389, 101.27, 102.44, 3283946
08/13/18, 102.45, 102.68, 102.115, 102.44, 2816376
08/10/18, 102.15, 103.19, 101.9899, 102.25, 2783767
08/09/18, 102.06, 102.72, 101.92, 102.19, 3298367
08/08/18, 101.85, 102.67, 101.43, 102.27, 3901584
08/07/18, 101.79, 103.81, 101.68, 101.94, 5095174
08/06/18, 100.40, 102.59, 100.22, 102.00, 5090940
08/03/18, 99.18, 100.694, 98.88, 100.58, 4572145
08/02/18, 97.95, 100.39, 97.84, 99.47, 4321033
08/01/18, 98.74, 99.35, 98.435, 98.70, 4971802
07/31/18, 98.25, 99.20, 97.53, 98.81, 4957761
07/30/18, 96.38, 98.115, 96.25, 98.02, 5356016
07/27/18, 95.65, 96.96, 95.02, 96.60, 3975477
07/26/18, 96.64, 96.959, 94.83, 95.18, 4826081
07/25/18, 93.16, 96.65, 93.03, 96.43, 8460212
07/24/18, 91.06, 93.76, 90.00, 93.35, 9910179
07/23/18, 88.30, 89.16, 88.17, 88.88, 3145276
07/20/18, 89.02, 89.37, 88.26, 88.47, 3830970
07/19/18, 89.83, 89.98, 88.87, 89.43, 3171005
07/18/18, 89.60, 90.13, 89.07, 90.03, 3021595
07/17/18, 89.36, 89.97, 89.34, 89.57, 2179375
07/16/18, 89.63, 89.84, 88.84, 89.07, 3175249
07/13/18, 88.83, 89.87, 88.54, 89.71, 3334987
07/12/18, 88.10, 88.99, 87.92, 88.91, 2604523
07/11/18, 87.77, 88.07, 87.20, 87.56, 2449505
07/10/18, 88.08, 88.2299, 87.67, 88.05, 2227180
07/09/18, 87.60, 88.33, 87.52, 87.87, 2718296
07/06/18, 86.83, 87.71, 86.82, 87.39, 2290527
07/05/18, 86.91, 87.1862, 86.13, 86.56, 2675541
07/03/18, 85.81, 87.02, 85.81, 86.51, 2163522
07/02/18, 85.06, 85.93, 84.71, 85.86, 2346963
06/29/18, 85.84, 86.10, 85.13, 85.33, 2963979
06/28/18, 84.85, 85.96, 84.81, 85.49, 2564562
06/27/18, 84.91, 85.60, 84.64, 84.67, 3005386
06/26/18, 85.54, 86.00, 84.96, 85.11, 2840575
06/25/18, 86.00, 86.61, 85.12, 85.77, 3414102
06/22/18, 86.02, 86.40, 85.805, 85.92, 5786678
06/21/18, 85.82, 86.28, 85.19, 86.07, 2856410
06/20/18, 86.74, 87.16, 86.20, 86.28, 4675465
06/19/18, 85.89, 86.87, 85.67, 86.82, 3044507
06/18/18, 85.98, 86.15, 85.01, 86.11, 2906602
06/15/18, 86.13, 87.27, 86.10, 86.88, 5575197
06/14/18, 85.67, 86.46, 85.17, 86.35, 3115115
06/13/18, 85.76, 86.38, 85.60, 85.72, 3052112
06/12/18, 85.76, 86.02, 85.45, 85.49, 3016917
06/11/18, 86.31, 86.78, 85.81, 85.86, 3506939
06/08/18, 85.83, 86.42, 85.43, 86.08, 3172317
06/07/18, 86.20, 86.32, 85.32, 85.88, 3123605
06/06/18, 84.88, 85.93, 84.66, 85.93, 2720404
06/05/18, 85.25, 85.70, 84.54, 84.82, 3667563
06/04/18, 84.65, 85.52, 84.36, 85.07, 4263121
06/01/18, 85.20, 85.68, 84.56, 84.85, 4057715
05/31/18, 83.88, 85.11, 83.68, 85.04, 9526369
05/30/18, 82.92, 84.02, 82.91, 83.86, 3475394
05/29/18, 82.11, 82.62, 81.65, 82.44, 3459321
05/25/18, 82.79, 83.47, 82.59, 82.77, 2338143
05/24/18, 82.71, 82.79, 82.10, 82.71, 2481820
05/23/18, 81.71, 82.92, 81.61, 82.68, 2516910
05/22/18, 82.14, 82.89, 81.81, 82.22, 2620723
05/21/18, 82.29, 82.54, 81.67, 81.83, 2505933
05/18/18, 81.49, 82.29, 81.49, 82.07, 4002281
05/17/18, 81.04, 81.84, 81.03, 81.66, 2808408
05/16/18, 81.80, 81.95, 80.955, 81.18, 3614474
05/15/18, 82.72, 82.94, 81.83, 82.21, 3662716
05/14/18, 82.60, 83.315, 82.50, 83.07, 4739740
05/11/18, 81.15, 82.45, 81.02, 82.45, 4393786
05/10/18, 79.46, 81.17, 79.41, 80.86, 3718368
05/09/18, 78.96, 79.65, 78.45, 79.27, 3325180
05/08/18, 78.48, 78.90, 78.17, 78.88, 4591673
05/07/18, 78.41, 79.26, 78.23, 78.63, 3722577
05/04/18, 77.42, 78.62, 77.09, 78.40, 3367549
05/03/18, 78.65, 78.70, 77.44, 78.04, 4469290
05/02/18, 78.68, 79.39, 78.46, 78.83, 5166327
05/01/18, 80.68, 80.93, 78.695, 79.07, 6306117
04/30/18, 83.09, 83.21, 81.06, 81.07, 5483505
04/27/18, 82.50, 83.24, 82.38, 82.73, 3209558
04/26/18, 81.42, 83.555, 81.42, 82.55, 5058690
04/25/18, 80.27, 82.32, 80.01, 81.14, 5379027
04/24/18, 81.17, 81.50, 78.915, 80.09, 6394910
04/23/18, 79.43, 80.29, 79.17, 80.20, 4015906
04/20/18, 79.64, 79.91, 78.82, 79.06, 5424115
04/19/18, 78.96, 79.75, 78.55, 79.75, 4989439
04/18/18, 79.96, 80.24, 79.59, 79.72, 4261049
04/17/18, 80.57, 80.64, 79.49, 79.92, 3782359
04/16/18, 80.46, 80.75, 79.67, 80.12, 2743000
04/13/18, 79.88, 80.45, 79.24, 79.72, 2652368
04/12/18, 79.19, 79.68, 78.81, 79.29, 2121204
04/11/18, 78.35, 78.90, 78.12, 78.73, 2829952
04/10/18, 78.09, 79.675, 78.07, 79.22, 3657169
04/09/18, 77.27, 78.35, 76.33, 77.34, 5377491
04/06/18, 78.18, 78.25, 76.30, 76.85, 4012829
04/05/18, 78.52, 78.85, 78.09, 78.62, 2213099
04/04/18, 76.82, 78.82, 76.71, 78.60, 3022154
04/03/18, 76.25, 77.60, 75.86, 77.54, 3610639
04/02/18, 76.88, 77.31, 75.40, 75.70, 6282589
03/29/18, 77.46, 77.80, 76.61, 77.37, 3424012
03/28/18, 76.06, 77.66, 76.04, 77.01, 4257510
03/27/18, 76.09, 76.60, 75.139, 75.66, 4070640
03/26/18, 75.61, 76.23, 74.65, 76.18, 3488654
03/23/18, 76.77, 76.83, 74.51, 74.76, 4298117
03/22/18, 77.56, 78.01, 76.41, 76.53, 3816931
03/21/18, 78.46, 79.00, 78.031, 78.24, 4051958
03/20/18, 79.04, 79.20, 77.85, 78.37, 3943845
03/19/18, 80.12, 80.20, 78.16, 78.73, 5116978
03/16/18, 79.20, 80.49, 79.12, 80.49, 8326275
03/15/18, 78.58, 79.86, 78.46, 78.75, 3910102
03/14/18, 79.39, 79.56, 78.02, 78.49, 3167947
03/13/18, 79.08, 79.87, 78.77, 79.15, 4863167
03/12/18, 79.83, 79.97, 78.615, 79.04, 5059557
03/09/18, 79.28, 79.96, 78.88, 79.61, 4399473
03/08/18, 77.65, 79.02, 77.47, 78.89, 3497180
03/07/18, 76.58, 77.61, 76.54, 77.44, 2266515
03/06/18, 77.86, 78.00, 76.88, 77.19, 2963240
03/05/18, 76.90, 78.08, 76.71, 77.70, 3816634
03/02/18, 76.38, 77.60, 76.32, 77.23, 3216725
03/01/18, 77.06, 77.37, 75.53, 76.50, 6258351
02/28/18, 78.78, 79.18, 77.01, 77.02, 6123364
02/27/18, 80.15, 80.21, 78.69, 78.70, 4860441
02/26/18, 78.99, 80.47, 78.965, 80.18, 6015876
02/23/18, 77.73, 78.86, 77.64, 78.75, 5170251
02/22/18, 77.19, 78.09, 76.52, 77.19, 7687429
02/21/18, 77.59, 78.75, 77.55, 77.55, 3871107
02/20/18, 78.18, 78.70, 77.18, 77.55, 3195027
02/16/18, 77.95, 79.65, 77.91, 78.97, 4699593
02/15/18, 77.75, 78.15, 77.03, 78.02, 4810719
02/14/18, 75.41, 77.19, 75.34, 77.03, 4361085
02/13/18, 76.02, 76.5899, 75.75, 76.21, 4041222
02/12/18, 76.68, 77.10, 75.20, 76.25, 6454242
02/09/18, 75.06, 76.82, 73.69, 76.23, 8939668
02/08/18, 77.19, 77.65, 74.19, 74.21, 8059648
02/07/18, 77.76, 78.56, 76.71, 76.72, 8240329
02/06/18, 76.56, 79.11, 75.71, 77.99, 10558830
02/05/18, 80.89, 81.61, 76.55, 77.49, 8145221
02/02/18, 81.88, 83.03, 81.12, 81.18, 5152459
02/01/18, 81.54, 82.8737, 81.29, 82.41, 8410660
01/31/18, 86.50, 86.73, 81.27, 81.45, 10558540
01/30/18, 86.64, 86.94, 85.21, 86.09, 5388420
01/29/18, 86.77, 88.33, 86.65, 87.60, 5324547
01/26/18, 84.76, 87.47, 84.76, 87.08, 6394142
01/25/18, 84.81, 85.40, 84.56, 85.01, 5201611
01/24/18, 84.86, 85.16, 84.28, 84.30, 5977707
01/23/18, 85.18, 85.9199, 84.24, 84.42, 5728106
01/22/18, 83.25, 85.57, 82.4003, 85.44, 6374020
01/19/18, 86.17, 86.28, 85.32, 85.49, 5826917
01/18/18, 86.04, 86.14, 85.27, 85.82, 4445813
01/17/18, 85.80, 86.361, 85.47, 86.21, 4083343
01/16/18, 85.93, 86.59, 85.15, 85.29, 4878301
01/12/18, 86.52, 87.408, 86.03, 86.98, 2728878
01/11/18, 86.17, 86.59, 85.87, 86.39, 2647480
01/10/18, 85.61, 86.17, 85.49, 86.10, 1674588
01/09/18, 86.20, 86.42, 85.74, 86.06, 2426331
01/08/18, 86.69, 86.709, 85.40, 86.13, 3251430
01/05/18, 86.09, 86.75, 85.93, 86.57, 2946328
01/04/18, 85.28, 85.80, 84.74, 85.52, 2462477
01/03/18, 84.74, 85.415, 84.27, 85.14, 3078426
01/02/18, 84.46, 85.00, 84.06, 84.68, 3456665
12/29/17, 85.12, 85.44, 84.46, 84.46, 2563826
12/28/17, 85.30, 85.44, 84.89, 85.05, 1732237
12/27/17, 85.19, 85.459, 84.98, 85.14, 1332826
12/26/17, 85.29, 85.43, 84.96, 84.99, 1100241
12/22/17, 85.60, 85.78, 84.75, 85.07, 1834833
12/21/17, 86.03, 86.18, 85.435, 85.61, 2024252
12/20/17, 86.68, 86.94, 85.64, 85.74, 3016854
12/19/17, 86.04, 86.77, 85.85, 86.71, 4027559
12/18/17, 86.76, 87.45, 85.99, 86.08, 3795991
12/15/17, 86.89, 87.605, 86.27, 86.54, 7346414
12/14/17, 88.22, 88.33, 86.12, 86.50, 4388368
12/13/17, 86.41, 89.0899, 86.34, 87.89, 5786811
12/12/17, 86.49, 86.90, 85.991, 86.71, 4252536
12/11/17, 86.46, 86.84, 86.07, 86.67, 3336804
12/08/17, 85.66, 86.46, 85.47, 86.45, 3777102
12/07/17, 85.21, 85.87, 84.65, 85.87, 4344910
12/06/17, 86.04, 86.39, 84.53, 85.32, 3130937
12/05/17, 85.59, 86.58, 85.21, 86.06, 3876786
12/04/17, 85.49, 86.78, 85.36, 85.58, 4228281
12/01/17, 84.98, 85.41, 84.18, 85.32, 2736331
11/30/17, 85.25, 85.48, 84.32, 84.64, 5002100
11/29/17, 84.79, 85.24, 84.45, 84.96, 2316034
11/28/17, 85.07, 85.36, 84.74, 85.05, 2659440
11/27/17, 84.15, 85.25, 84.03, 84.81, 2980900
11/24/17, 83.87, 84.17, 83.58, 84.03, 817624
11/22/17, 83.67, 84.26, 83.48, 83.68, 2230876
11/21/17, 83.65, 84.53, 83.37, 83.51, 3529945
11/20/17, 83.09, 83.32, 82.82, 83.18, 2205863
11/17/17, 83.00, 83.48, 82.80, 82.89, 4097811
11/16/17, 82.41, 83.63, 81.84, 83.44, 2599667
11/15/17, 82.51, 83.14, 81.42, 82.19, 1838054
11/14/17, 82.69, 83.11, 82.21, 82.49, 2685020
11/13/17, 83.33, 83.33, 82.53, 82.86, 2479441
11/10/17, 83.67, 83.87, 82.57, 83.29, 2692486
11/09/17, 83.82, 84.26, 83.63, 83.99, 2098634
11/08/17, 83.00, 84.39, 83.00, 84.01, 2329113
11/07/17, 83.04, 83.415, 82.77, 83.28, 2851917
11/06/17, 83.29, 83.43, 82.92, 82.94, 1861744
11/03/17, 82.71, 83.59, 82.66, 83.51, 1535373
11/02/17, 82.55, 83.92, 82.31, 83.13, 2716050
11/01/17, 82.17, 83.82, 82.00, 82.89, 3309260
10/31/17, 82.76, 83.10, 81.72, 81.94, 3853276
10/30/17, 83.76, 83.76, 82.43, 82.65, 4667838
10/27/17, 84.07, 84.81, 83.59, 83.86, 2892945
10/26/17, 84.67, 85.11, 83.83, 84.16, 3821119
10/25/17, 85.91, 86.37, 84.68, 84.85, 3916037
10/24/17, 87.42, 88.33, 83.75, 85.17, 8696104
10/23/17, 87.47, 88.19, 87.12, 87.18, 4909816
10/20/17, 86.52, 87.38, 86.33, 87.23, 3223192
10/19/17, 85.69, 86.38, 85.51, 86.36, 3233622
10/18/17, 86.33, 86.56, 85.52, 85.73, 4002151
10/17/17, 85.94, 86.50, 85.42, 86.06, 3643748
10/16/17, 86.48, 86.735, 85.78, 85.95, 3800680
10/13/17, 86.40, 86.70, 85.71, 86.55, 3027228
10/12/17, 86.10, 86.45, 85.91, 86.43, 1941143
10/11/17, 86.35, 86.66, 85.45, 86.06, 3433194
10/10/17, 85.38, 86.70, 85.25, 86.16, 4943660
10/09/17, 87.14, 87.28, 86.46, 87.05, 1701368
10/06/17, 87.31, 87.49, 86.64, 87.08, 2297204
10/05/17, 86.77, 89.09, 86.39, 87.65, 5220964
10/04/17, 86.50, 87.16, 86.28, 86.96, 2317698
10/03/17, 86.24, 86.56, 85.93, 86.45, 2128845
10/02/17, 85.78, 86.68, 85.7384, 86.35, 3071084
09/29/17, 85.17, 85.61, 84.391, 85.54, 3506102
09/28/17, 84.59, 85.58, 84.15, 85.00, 2840987
09/27/17, 84.34, 84.80, 83.97, 84.65, 3085205
09/26/17, 84.43, 85.13, 84.01, 84.22, 2347234
09/25/17, 83.87, 84.65, 83.80, 84.64, 4223772
09/22/17, 83.34, 84.03, 82.74, 83.91, 3148723
09/21/17, 82.01, 83.70, 81.88, 83.33, 4426651
09/20/17, 82.06, 82.42, 81.39, 82.02, 2849924
09/19/17, 82.64, 82.84, 81.5501, 81.73, 2259159
09/18/17, 82.55, 82.67, 82.07, 82.52, 2200254
09/15/17, 83.30, 83.57, 82.18, 82.44, 5374504
09/14/17, 82.33, 83.99, 82.12, 83.07, 3370406
09/13/17, 81.96, 82.58, 81.88, 82.43, 2454931
09/12/17, 82.60, 82.729, 81.93, 82.17, 2566421
09/11/17, 82.94, 83.35, 81.77, 82.63, 4389166
09/08/17, 81.61, 83.12, 81.54, 82.92, 3961293
09/07/17, 80.62, 82.75, 80.37, 81.54, 6249330
09/06/17, 80.21, 80.67, 79.86, 80.51, 2689227
09/05/17, 79.47, 80.05, 79.05, 79.82, 3702643
09/01/17, 81.54, 81.71, 79.43, 80.08, 4345104
08/31/17, 80.77, 81.35, 80.34, 81.29, 3939473
08/30/17, 79.10, 80.77, 78.75, 80.49, 5036911
08/29/17, 78.54, 78.84, 78.12, 78.55, 2154254
08/28/17, 79.10, 79.43, 78.63, 78.84, 1923195
08/25/17, 78.96, 79.53, 78.74, 78.79, 2171482
08/24/17, 78.33, 79.24, 78.26, 78.86, 4188366
08/23/17, 78.20, 78.52, 78.05, 78.15, 1801475
08/22/17, 77.53, 78.65, 77.53, 78.26, 2131886
08/21/17, 77.12, 77.64, 76.89, 77.38, 3638065
08/18/17, 77.70, 77.70, 76.94, 77.07, 4061282
08/17/17, 80.40, 80.57, 77.70, 77.80, 7318204
08/16/17, 82.14, 82.20, 80.02, 80.69, 3970525
08/15/17, 81.50, 82.34, 81.50, 81.71, 1949478
08/14/17, 81.34, 81.68, 81.18, 81.49, 1879619
08/11/17, 81.80, 81.97, 81.12, 81.15, 2446392
08/10/17, 82.54, 82.54, 81.66, 82.05, 3367495
08/09/17, 82.13, 82.74, 81.97, 82.57, 2392098
08/08/17, 81.87, 82.72, 81.63, 81.97, 3292993
08/07/17, 82.31, 82.40, 81.72, 82.07, 2769747
08/04/17, 81.90, 82.32, 81.76, 82.31, 2802610
08/03/17, 81.58, 82.28, 81.50, 81.93, 3688344
08/02/17, 82.06, 82.17, 81.07, 81.82, 4574837
08/01/17, 82.86, 83.15, 82.12, 82.37, 3439409
07/31/17, 83.34, 83.755, 82.63, 82.66, 4082999
07/28/17, 82.87, 83.22, 82.50, 83.10, 3820069
07/27/17, 81.76, 83.05, 81.46, 83.02, 5577384
07/26/17, 81.57, 81.88, 81.035, 81.84, 7030481
07/25/17, 83.74, 84.40, 80.77, 82.19, 13319880
07/24/17, 84.66, 85.53, 84.51, 84.74, 3952164
07/21/17, 84.62, 84.96, 84.31, 84.66, 3064356
07/20/17, 84.53, 85.12, 84.41, 84.75, 2980635
07/19/17, 83.52, 84.28, 83.52, 84.23, 2297408
07/18/17, 83.51, 83.77, 83.22, 83.70, 1704532
07/17/17, 84.31, 84.53, 83.42, 83.64, 1989072
07/14/17, 84.11, 84.5793, 83.81, 84.35, 2005749
07/13/17, 83.56, 84.23, 83.16, 84.02, 2944146
07/12/17, 82.73, 84.02, 82.61, 83.50, 3526983
07/11/17, 82.39, 82.84, 81.88, 82.35, 2708880
07/10/17, 82.33, 82.57, 81.89, 82.28, 2269712
07/07/17, 81.62, 82.35, 81.43, 82.29, 1803703
07/06/17, 82.32, 82.57, 81.37, 81.60, 3390996
07/05/17, 82.63, 82.76, 82.03, 82.70, 2263553
07/03/17, 82.41, 82.91, 82.32, 82.70, 1464738
06/30/17, 82.97, 83.13, 82.00, 82.30, 5713901
06/29/17, 83.09, 83.22, 82.3075, 82.70, 2366759
06/28/17, 83.45, 83.92, 82.90, 83.10, 3035321
06/27/17, 84.18, 84.33, 83.04, 83.04, 2365826
06/26/17, 84.09, 84.45, 83.66, 84.28, 2952759
06/23/17, 84.12, 84.34, 83.71, 83.89, 3928031
06/22/17, 82.84, 84.76, 82.84, 84.31, 4891552
06/21/17, 83.15, 83.42, 82.38, 82.64, 3781406
06/20/17, 82.22, 83.68, 82.22, 82.75, 3694685
06/19/17, 82.02, 82.76, 81.87, 82.34, 2538037
06/16/17, 82.24, 82.56, 81.66, 81.88, 4903159
06/15/17, 81.39, 82.15, 80.961, 82.05, 3484768
06/14/17, 80.90, 81.61, 80.771, 81.60, 4025557
06/13/17, 81.21, 81.29, 80.24, 81.25, 4492882
06/12/17, 80.96, 81.29, 80.61, 80.90, 2842761
06/09/17, 80.10, 81.185, 79.70, 81.04, 4599396
06/08/17, 79.49, 80.46, 79.34, 80.10, 4610424
06/07/17, 79.16, 79.54, 79.09, 79.39, 2899905
06/06/17, 79.41, 79.46, 78.75, 79.09, 2687965
06/05/17, 80.00, 80.07, 78.98, 79.35, 2814775
06/02/17, 80.47, 81.06, 79.90, 80.13, 4005715
06/01/17, 79.60, 80.23, 79.38, 79.99, 3093104
05/31/17, 78.48, 79.91, 78.48, 79.57, 5163876
05/30/17, 77.95, 78.6693, 77.745, 78.35, 3244949
05/26/17, 78.12, 78.35, 77.72, 78.05, 2238858
05/25/17, 78.31, 78.455, 77.76, 78.34, 1737281
05/24/17, 77.99, 78.28, 77.80, 77.96, 2254384
05/23/17, 77.19, 78.36, 77.02, 77.99, 5884774
05/22/17, 77.90, 78.01, 76.85, 76.98, 6936499
05/19/17, 78.50, 78.71, 77.73, 77.80, 5091841
05/18/17, 78.57, 78.94, 78.0387, 78.30, 2928169
05/17/17, 78.52, 79.03, 77.92, 78.14, 4485989
05/16/17, 80.23, 80.30, 78.40, 78.99, 7170066
05/15/17, 80.19, 80.49, 79.43, 80.30, 2559137
05/12/17, 80.33, 80.61, 79.74, 80.19, 2935178
05/11/17, 80.72, 81.00, 79.91, 80.22, 3920485
05/10/17, 80.84, 81.11, 80.19, 81.05, 4018549
05/09/17, 80.82, 80.94, 80.35, 80.79, 3988118
05/08/17, 82.36, 82.41, 80.36, 80.67, 4712925
05/05/17, 83.06, 83.1119, 82.07, 82.51, 3135576
05/04/17, 81.35, 83.095, 81.29, 83.04, 3567494
05/03/17, 81.26, 81.56, 81.24, 81.25, 3373181
05/02/17, 81.98, 81.98, 81.50, 81.70, 3626452
05/01/17, 82.09, 82.22, 81.75, 81.82, 2397236
04/28/17, 81.37, 82.25, 81.20, 82.06, 3161763
04/27/17, 80.97, 81.60, 80.695, 81.33, 3219208
04/26/17, 81.34, 81.71, 80.93, 80.96, 4421743
04/25/17, 82.71, 82.71, 80.50, 81.20, 9221052
04/24/17, 82.82, 83.73, 82.72, 83.42, 4813568
04/21/17, 81.82, 82.24, 81.6726, 81.89, 3204044
04/20/17, 81.19, 82.20, 80.75, 81.94, 3267398
04/19/17, 81.12, 81.71, 79.88, 80.89, 5504500
04/18/17, 81.91, 82.10, 80.89, 81.20, 8210809
04/17/17, 81.30, 82.99, 81.11, 82.38, 12424520
04/13/17, 86.03, 86.32, 85.78, 85.88, 2172543
04/12/17, 85.74, 86.34, 85.67, 86.25, 2545120
04/11/17, 85.47, 86.14, 85.32, 85.93, 2699165
04/10/17, 85.46, 85.85, 85.23, 85.47, 1994875
04/07/17, 85.34, 85.66, 84.9093, 85.32, 2808455
04/06/17, 85.47, 85.90, 85.12, 85.36, 2684638
04/05/17, 85.92, 86.72, 85.57, 85.63, 4056330
04/04/17, 84.53, 86.39, 84.29, 86.09, 4624956
04/03/17, 84.13, 84.81, 84.07, 84.45, 2429899
03/31/17, 84.40, 84.94, 84.08, 84.11, 3151938
03/30/17, 84.57, 84.95, 84.08, 84.76, 3204818
03/29/17, 84.55, 84.76, 84.32, 84.44, 2066642
03/28/17, 84.27, 85.00, 84.04, 84.75, 2754994
03/27/17, 83.90, 84.44, 83.74, 84.24, 2340927
03/24/17, 84.30, 84.98, 83.8639, 84.18, 2479097
03/23/17, 83.92, 85.05, 83.92, 84.42, 3021071
03/22/17, 84.09, 84.55, 83.47, 84.36, 2850296
03/21/17, 84.34, 84.95, 83.63, 83.73, 4066180
03/20/17, 84.60, 84.86, 83.965, 84.06, 3121865
03/17/17, 84.435, 84.75, 83.83, 83.96, 5786941
03/16/17, 85.54, 85.54, 83.80, 84.99, 4742834
03/15/17, 84.43, 86.14, 84.37, 85.88, 4883922
03/14/17, 84.00, 84.55, 83.918, 84.46, 2839052
03/13/17, 84.51, 84.55, 83.83, 84.14, 2248486
03/10/17, 84.50, 84.55, 83.901, 84.36, 3629914
03/09/17, 83.67, 84.77, 83.51, 84.55, 5861915
03/08/17, 82.74, 83.985, 82.67, 83.41, 4491834
03/07/17, 82.95, 83.14, 81.37, 82.74, 5570598
03/06/17, 83.25, 84.28, 82.95, 83.83, 3960055
03/03/17, 82.70, 83.90, 82.60, 83.78, 2649606
03/02/17, 83.87, 83.945, 82.835, 82.91, 3371556
03/01/17, 83.44, 84.135, 82.97, 83.85, 3420566
02/28/17, 82.82, 83.48, 82.58, 82.81, 3672034
02/27/17, 82.83, 83.40, 82.66, 83.06, 3104235
02/24/17, 82.42, 83.24, 82.24, 82.87, 4016045
02/23/17, 81.38, 82.88, 81.14, 82.55, 6193454
02/22/17, 80.42, 81.21, 80.3301, 81.07, 3468784
02/21/17, 80.17, 80.87, 80.11, 80.36, 3178822
02/17/17, 80.14, 81.00, 80.07, 80.39, 3111144
02/16/17, 80.05, 80.38, 79.41, 80.04, 3630059
02/15/17, 78.34, 80.54, 78.05, 80.25, 4272836
02/14/17, 77.50, 78.83, 77.25, 78.81, 3311161
02/13/17, 77.57, 78.055, 77.53, 77.77, 2097796
02/10/17, 77.87, 78.25, 77.60, 77.79, 2598619
02/09/17, 78.12, 78.59, 77.69, 77.70, 2962614
02/08/17, 77.44, 78.65, 77.19, 78.11, 2821567
02/07/17, 77.68, 78.01, 77.32, 77.70, 3346800
02/06/17, 76.92, 77.845, 76.76, 77.83, 2835509
02/03/17, 77.47, 77.88, 76.71, 77.23, 3836275
02/02/17, 76.99, 77.91, 76.55, 77.39, 3830939
02/01/17, 77.90, 78.57, 76.91, 77.60, 4959227
01/31/17, 74.25, 77.28, 74.00, 77.03, 6964087
01/30/17, 75.09, 75.175, 74.25, 74.70, 5909555
01/27/17, 74.92, 75.40, 74.505, 75.38, 3132793
01/26/17, 74.98, 75.35, 74.54, 74.58, 3748027
01/25/17, 75.07, 75.60, 74.27, 74.85, 4830841
01/24/17, 76.20, 76.43, 74.17, 74.85, 6594265
01/23/17, 76.24, 76.88, 76.16, 76.32, 5055071
01/20/17, 77.02, 77.41, 76.471, 76.81, 4371196
01/19/17, 77.47, 77.62, 76.76, 76.84, 4439238
01/18/17, 77.32, 77.71, 76.88, 77.53, 3360339
01/17/17, 77.06, 77.06, 75.87, 76.85, 4913272
01/13/17, 76.92, 78.12, 76.38, 77.40, 5602614
01/12/17, 74.85, 77.50, 74.76, 77.15, 11901130
01/11/17, 76.51, 76.92, 74.00, 75.26, 7701738
01/10/17, 76.44, 76.56, 75.81, 76.27, 3559403
01/09/17, 75.67, 76.6225, 75.51, 76.27, 3204202
01/06/17, 75.46, 76.065, 75.03, 75.67, 2296679
01/05/17, 74.93, 77.87, 74.431, 75.59, 3310765
01/04/17, 74.95, 75.00, 74.3801, 74.72, 3021617
01/03/17, 73.94, 74.67, 73.54, 74.60, 3623461
12/30/16, 73.47, 73.75, 73.23, 73.55, 2934286
12/29/16, 73.39, 73.87, 73.24, 73.56, 3031926
12/28/16, 73.66, 73.78, 72.97, 73.06, 3256811
12/27/16, 74.06, 74.46, 73.68, 73.81, 2786711
12/23/16, 73.48, 74.00, 73.26, 73.79, 2570475
12/22/16, 73.16, 73.48, 72.68, 73.26, 4827505
12/21/16, 73.33, 73.89, 73.10, 73.25, 5054141
12/20/16, 73.6476, 74.0998, 73.00, 73.38, 6001496
12/19/16, 73.48, 74.49, 73.295, 73.42, 6102447
12/16/16, 72.86, 73.71, 71.76, 73.31, 17584660
12/15/16, 70.37, 71.59, 69.66, 71.37, 14321500
12/14/16, 68.42, 68.92, 67.54, 67.67, 6140299
12/13/16, 67.99, 68.89, 67.99, 68.64, 6010936
12/12/16, 67.98, 68.54, 67.42, 67.61, 5273718
12/09/16, 67.38, 68.17, 67.22, 67.85, 4350764
12/08/16, 67.05, 67.27, 66.39, 67.19, 4811371
12/07/16, 67.25, 67.38, 66.56, 67.38, 5835882
12/06/16, 67.20, 67.925, 67.13, 67.80, 4617182
12/05/16, 68.16, 68.31, 66.74, 67.26, 7285951
12/02/16, 66.30, 68.39, 65.96, 67.71, 12272210
12/01/16, 67.29, 67.30, 65.66, 65.97, 7168068
11/30/16, 67.30, 67.82, 66.81, 67.12, 9085308
11/29/16, 67.57, 67.64, 66.48, 67.15, 8930019
11/28/16, 68.43, 68.43, 67.10, 67.20, 12507730
11/25/16, 68.53, 69.14, 67.7801, 69.12, 8620682
11/23/16, 64.34, 68.43, 64.18, 68.00, 53975848
11/22/16, 77.81, 77.81, 75.50, 75.99, 5208832
11/21/16, 76.80, 77.04, 76.10, 76.64, 4060274
11/18/16, 77.58, 77.92, 76.52, 76.67, 4571592
11/17/16, 77.00, 77.81, 76.73, 77.71, 4519168
11/16/16, 77.52, 77.52, 76.82, 76.94, 1922331
11/15/16, 77.43, 77.54, 76.18, 77.32, 3097568
11/14/16, 78.01, 78.24, 76.69, 77.02, 3221676
11/11/16, 77.97, 78.09, 76.79, 77.67, 3072650
11/10/16, 78.96, 79.70, 78.00, 78.34, 6904770
11/09/16, 77.15, 79.30, 76.576, 78.39, 7332730
11/08/16, 73.57, 74.47, 73.36, 74.02, 2690761
11/07/16, 73.22, 73.93, 73.05, 73.88, 4969412
11/04/16, 72.12, 73.03, 71.67, 72.49, 3617209
11/03/16, 72.81, 73.28, 71.88, 72.11, 4843213
11/02/16, 73.15, 73.49, 72.64, 72.65, 4433872
11/01/16, 73.81, 73.98, 71.85, 72.98, 8190524
10/31/16, 74.63, 74.74, 73.80, 73.84, 3562142
10/28/16, 75.62, 75.68, 73.86, 74.53, 5651541
10/27/16, 77.36, 77.42, 76.13, 76.16, 3789861
10/26/16, 77.42, 77.65, 76.37, 76.76, 2988727
10/25/16, 76.88, 78.28, 75.50, 77.75, 8496226
10/24/16, 78.49, 78.69, 77.44, 77.57, 4363173
10/21/16, 78.54, 78.78, 78.08, 78.25, 3214971
10/20/16, 78.73, 79.11, 78.39, 78.74, 2661919
10/19/16, 78.96, 79.33, 78.53, 78.56, 2988801
10/18/16, 79.09, 79.145, 78.50, 78.77, 3218290
10/17/16, 79.53, 79.53, 78.01, 78.53, 3884657
10/14/16, 80.17, 80.32, 79.21, 79.27, 3143876
10/13/16, 79.93, 80.4854, 79.60, 80.00, 3565014
10/12/16, 81.81, 82.22, 80.46, 80.51, 3629801
10/11/16, 82.60, 82.85, 81.25, 81.81, 4218223
10/10/16, 82.13, 83.24, 82.10, 83.06, 4608430
10/07/16, 81.57, 82.31, 81.30, 82.09, 4241408
10/06/16, 81.25, 81.78, 80.73, 81.47, 2994223
10/05/16, 81.35, 82.09, 81.234, 81.75, 3560429
10/04/16, 81.06, 81.41, 80.68, 81.11, 3184071
10/03/16, 80.00, 81.07, 79.69, 81.00, 3983503
09/30/16, 80.10, 80.65, 80.03, 80.26, 3622982
09/29/16, 80.35, 80.47, 79.23, 79.74, 3269150
09/28/16, 80.84, 81.17, 80.02, 80.71, 2467803
09/27/16, 80.62, 80.925, 79.61, 80.88, 6888929
09/26/16, 81.00, 81.15, 79.499, 79.52, 4332789
09/23/16, 80.97, 81.4561, 80.77, 81.16, 2197653
09/22/16, 81.05, 81.46, 80.73, 81.29, 2639754
09/21/16, 79.80, 81.00, 79.68, 80.87, 3147586
09/20/16, 79.63, 80.345, 79.285, 79.88, 3629703
09/19/16, 78.79, 79.37, 78.49, 79.16, 3321540
09/16/16, 78.70, 78.91, 78.17, 78.80, 4255102
09/15/16, 78.12, 79.06, 77.77, 78.82, 2653694
09/14/16, 78.67, 79.24, 78.02, 78.29, 2660924
09/13/16, 78.87, 78.87, 77.99, 78.48, 3148995
09/12/16, 77.99, 79.29, 77.81, 79.08, 3288904
09/09/16, 79.62, 79.62, 78.20, 78.24, 4152468
09/08/16, 80.03, 80.17, 79.41, 79.89, 4405396
09/07/16, 78.49, 78.885, 78.26, 78.59, 2972177
09/06/16, 77.12, 78.70, 77.12, 78.51, 5528599
09/02/16, 77.52, 77.63, 76.45, 76.85, 3943353
09/01/16, 77.75, 78.00, 76.80, 77.23, 3544701
08/31/16, 77.89, 78.09, 77.53, 77.75, 2182644
08/30/16, 78.60, 78.60, 77.63, 77.77, 2026249
08/29/16, 78.33, 78.74, 78.05, 78.60, 2203303
08/26/16, 78.05, 78.82, 77.84, 78.24, 2602317
08/25/16, 78.44, 79.17, 77.80, 78.01, 2800533
08/24/16, 79.70, 79.99, 78.18, 78.44, 3422979
08/23/16, 79.68, 79.97, 79.445, 79.57, 3407537
08/22/16, 79.32, 79.90, 79.02, 79.29, 3157037
08/19/16, 79.55, 79.79, 78.78, 79.06, 3746012
08/18/16, 80.10, 80.38, 79.49, 79.78, 3037728
08/17/16, 80.16, 80.35, 79.58, 80.11, 2519548
08/16/16, 80.25, 80.3999, 79.84, 79.84, 2158733
08/15/16, 80.33, 80.62, 80.07, 80.26, 2780381
08/12/16, 80.19, 80.72, 79.90, 80.22, 2525029
08/11/16, 79.98, 80.665, 79.98, 80.56, 2407996
08/10/16, 80.12, 81.16, 79.67, 80.55, 4956708
08/09/16, 81.75, 82.14, 80.70, 81.50, 2243034
08/08/16, 81.44, 81.85, 80.46, 81.60, 4227300
08/05/16, 82.42, 82.52, 81.04, 81.56, 5886901
08/04/16, 83.02, 83.02, 82.37, 82.42, 2093793
08/03/16, 83.42, 83.42, 82.36, 82.72, 2940868
08/02/16, 83.14, 83.70, 82.57, 83.32, 3340132
08/01/16, 83.02, 83.785, 82.94, 83.18, 3131148
07/29/16, 83.07, 83.45, 82.64, 82.89, 3016150
07/28/16, 83.25, 83.39, 81.95, 82.93, 4862023
07/27/16, 82.25, 83.59, 82.15, 83.40, 4057228
07/26/16, 82.75, 83.35, 81.63, 82.09, 5134939
07/25/16, 81.59, 82.00, 81.00, 81.98, 4180084
07/22/16, 80.40, 81.71, 80.28, 81.59, 4316534
07/21/16, 80.20, 80.60, 80.02, 80.40, 2713999
07/20/16, 80.27, 80.52, 79.99, 80.28, 2811087
07/19/16, 79.85, 80.25, 79.58, 79.97, 3303716
07/18/16, 80.37, 80.59, 79.855, 79.95, 3087620
07/15/16, 80.98, 81.00, 79.94, 80.22, 4529123
07/14/16, 79.50, 80.69, 79.40, 80.59, 3823843
07/13/16, 79.91, 80.03, 79.33, 79.36, 2917240
07/12/16, 79.63, 79.84, 78.97, 79.67, 4430016
07/11/16, 79.54, 79.77, 78.95, 79.14, 3461430
07/08/16, 79.32, 79.90, 78.93, 79.66, 3134921
07/07/16, 79.83, 80.05, 78.645, 79.32, 3587328
07/06/16, 79.32, 80.40, 79.10, 80.02, 4669765
07/05/16, 78.81, 79.90, 78.75, 79.64, 3286572
07/01/16, 78.89, 79.33, 78.37, 78.95, 2909610
06/30/16, 78.20, 78.81, 77.46, 78.75, 4017154
06/29/16, 75.88, 78.24, 75.87, 78.15, 7123712
06/28/16, 75.13, 76.25, 73.75, 75.15, 8012290
06/27/16, 74.06, 75.065, 73.20, 74.89, 7658173
06/24/16, 72.45, 75.12, 71.87, 74.33, 10471260
06/23/16, 73.59, 73.94, 73.20, 73.94, 2989745
06/22/16, 72.50, 73.91, 72.50, 73.07, 4410906
06/21/16, 73.70, 73.80, 72.53, 72.57, 6000030
06/20/16, 74.45, 74.70, 73.22, 73.28, 3640098
06/17/16, 74.65, 75.08, 73.475, 73.86, 6604924
06/16/16, 73.47, 74.47, 72.95, 74.25, 4788882
06/15/16, 74.73, 74.89, 73.61, 73.71, 3408917
06/14/16, 73.54, 74.37, 73.06, 74.32, 3691856
06/13/16, 74.08, 74.97, 73.67, 73.86, 3767039
06/10/16, 74.09, 74.19, 73.17, 73.95, 4124192
06/09/16, 74.77, 75.54, 74.24, 74.43, 2760462
06/08/16, 74.66, 75.09, 74.40, 74.91, 3194883
06/07/16, 74.62, 75.0499, 74.51, 74.70, 2902857
06/06/16, 75.11, 75.4962, 74.20, 74.84, 3253932
06/03/16, 75.50, 75.60, 74.25, 75.12, 5318973
06/02/16, 75.22, 75.68, 74.90, 75.46, 3231683
06/01/16, 74.90, 75.44, 74.68, 74.94, 2450242
05/31/16, 75.01, 75.6299, 74.71, 75.03, 4438763
05/27/16, 75.52, 75.725, 74.665, 74.99, 3247520
05/26/16, 74.60, 75.60, 74.27, 75.52, 2654566
05/25/16, 75.49, 75.50, 74.45, 74.54, 4621719
05/24/16, 74.55, 75.20, 74.36, 74.99, 3712042
05/23/16, 75.00, 75.14, 73.92, 74.08, 4441221
05/20/16, 74.79, 75.54, 74.68, 74.81, 4689174
05/19/16, 75.12, 75.23, 73.74, 74.31, 4848834
05/18/16, 76.40, 76.85, 75.61, 76.33, 4664873
05/17/16, 78.21, 78.71, 75.52, 76.39, 7153323
05/16/16, 75.98, 78.47, 75.84, 78.29, 4580106
05/13/16, 75.82, 77.0501, 75.57, 76.33, 3629660
05/12/16, 76.72, 76.943, 75.356, 75.96, 4081858
05/11/16, 75.97, 77.06, 75.84, 76.31, 3716280
05/10/16, 76.29, 77.13, 76.05, 76.88, 4366045
05/09/16, 74.78, 75.90, 74.76, 75.59, 2963185
05/06/16, 74.715, 74.95, 73.34, 74.60, 4196917
05/05/16, 74.72, 75.39, 74.55, 75.27, 3446378
05/04/16, 75.17, 75.62, 74.6301, 74.87, 4176841
05/03/16, 76.34, 76.65, 75.5897, 76.25, 3270704
05/02/16, 75.95, 77.08, 75.81, 76.75, 3572098
04/29/16, 76.51, 76.51, 75.10, 75.53, 3386635
04/28/16, 76.12, 76.66, 75.672, 76.46, 4382989
04/27/16, 76.52, 77.16, 75.82, 76.51, 3690949
04/26/16, 76.62, 78.30, 76.09, 76.27, 5347814
04/25/16, 77.46, 78.00, 77.15, 77.94, 3767105
04/22/16, 77.10, 77.94, 76.934, 77.83, 2697164
04/21/16, 77.17, 78.10, 76.91, 77.37, 3286571
04/20/16, 77.28, 77.77, 76.575, 77.08, 4049434
04/19/16, 77.58, 78.50, 76.64, 77.25, 3819609
04/18/16, 75.58, 77.26, 75.19, 77.22, 4089228
04/15/16, 75.62, 76.25, 75.0901, 75.53, 3007480
04/14/16, 75.30, 75.83, 74.795, 75.63, 3022081
04/13/16, 74.73, 75.235, 74.08, 75.16, 2341615
04/12/16, 73.78, 75.29, 73.53, 74.57, 2849823
04/11/16, 74.48, 74.74, 73.795, 73.95, 3351100
04/08/16, 75.28, 75.28, 73.86, 74.39, 3225341
04/07/16, 74.51, 75.16, 73.85, 74.59, 3724102
04/06/16, 72.80, 75.0601, 72.80, 74.76, 5669094
04/05/16, 72.78, 73.65, 72.48, 73.04, 3591779
04/04/16, 73.56, 73.79, 72.89, 73.18, 2796315
04/01/16, 71.60, 73.70, 71.53, 73.42, 4083598
03/31/16, 71.77, 72.33, 71.10, 72.01, 3680000
03/30/16, 71.98, 72.33, 71.07, 71.78, 3081028
03/29/16, 70.74, 71.94, 70.66, 71.70, 3814778
03/28/16, 71.35, 71.465, 70.38, 70.62, 2661901
03/24/16, 70.65, 71.44, 70.20, 71.12, 2892926
03/23/16, 72.17, 72.23, 70.91, 71.17, 3884445
03/22/16, 70.21, 72.24, 70.16, 71.92, 7655351
03/21/16, 70.80, 71.05, 69.84, 70.25, 5900051
03/18/16, 69.20, 71.05, 69.06, 70.95, 10131740
03/17/16, 72.23, 72.35, 67.88, 69.06, 15421560
03/16/16, 71.29, 72.90, 71.17, 72.48, 5287378
03/15/16, 71.65, 72.00, 69.60, 71.24, 13748160
03/14/16, 74.26, 74.60, 73.79, 73.91, 3201814
03/11/16, 73.47, 74.95, 73.19, 74.65, 3527202
03/10/16, 74.00, 74.21, 72.43, 73.02, 4419357
03/09/16, 73.51, 73.94, 73.00, 73.54, 2372034
03/08/16, 72.94, 74.55, 72.89, 73.00, 3278903
03/07/16, 73.17, 73.96, 72.80, 73.40, 3443068
03/04/16, 73.37, 74.06, 72.90, 73.60, 3481560
03/03/16, 73.80, 73.89, 72.58, 73.25, 4526493
03/02/16, 72.73, 74.05, 72.44, 74.02, 6738839
03/01/16, 72.63, 72.81, 71.86, 72.74, 4541719
02/29/16, 73.37, 73.37, 71.98, 72.00, 5730166
02/26/16, 75.42, 75.79, 73.41, 73.60, 4807828
02/25/16, 74.27, 74.89, 73.77, 74.82, 4307064
02/24/16, 73.33, 74.28, 72.64, 74.10, 3636052
02/23/16, 73.10, 74.50, 73.06, 73.47, 4411185
02/22/16, 72.91, 73.64, 72.10, 73.01, 5672641
02/19/16, 72.69, 73.07, 72.20, 72.61, 6650801
02/18/16, 73.42, 74.55, 73.16, 73.47, 5620449
02/17/16, 74.01, 74.92, 73.09, 74.68, 4000256
02/16/16, 71.95, 73.42, 71.93, 73.33, 4811314
02/12/16, 71.57, 71.73, 70.43, 71.27, 6332599
02/11/16, 72.20, 72.63, 70.83, 71.42, 5425363
02/10/16, 73.73, 74.87, 72.98, 73.07, 4748735
02/09/16, 73.43, 74.96, 72.72, 73.74, 5159999
02/08/16, 73.55, 74.58, 72.83, 74.19, 4348834
02/05/16, 74.16, 75.82, 73.5501, 74.32, 6312782
02/04/16, 75.95, 76.53, 73.44, 74.28, 6339465
02/03/16, 76.46, 77.55, 74.18, 76.09, 6966427
02/02/16, 77.66, 78.30, 76.09, 76.30, 4804168
02/01/16, 78.21, 79.16, 77.28, 78.40, 4056000
01/29/16, 77.36, 79.42, 77.23, 79.10, 7042494
01/28/16, 81.87, 82.49, 76.54, 76.81, 10128690
01/27/16, 81.61, 83.25, 80.96, 81.76, 4341902
01/26/16, 81.75, 82.17, 80.91, 81.96, 4583353
01/25/16, 82.50, 83.20, 81.62, 81.71, 2632771
01/22/16, 82.40, 83.16, 81.91, 82.48, 3456326
01/21/16, 82.56, 82.62, 80.59, 81.40, 4930961
01/20/16, 81.85, 83.47, 80.41, 82.62, 8354406
01/19/16, 82.31, 84.80, 81.96, 83.23, 9162279
01/15/16, 80.69, 81.58, 80.08, 81.24, 6674272
01/14/16, 79.28, 82.73, 78.62, 82.54, 8253667
01/13/16, 80.74, 80.8162, 79.09, 79.30, 4628359
01/12/16, 80.61, 81.00, 79.52, 80.40, 4329331
01/11/16, 81.30, 81.92, 78.83, 80.27, 4889341
01/08/16, 81.67, 82.485, 81.04, 81.25, 5880152
01/07/16, 81.63, 82.81, 80.83, 81.41, 5833185
01/06/16, 82.69, 84.88, 82.495, 83.58, 6628432
01/05/16, 82.90, 85.40, 82.87, 84.11, 7475266
01/04/16, 83.40, 83.60, 81.79, 82.87, 6907326
12/31/15, 85.72, 85.75, 84.08, 84.26, 3178502
12/30/15, 86.45, 87.10, 86.14, 86.20, 1969818
12/29/15, 85.84, 86.87, 85.60, 86.25, 2097692
12/28/15, 85.58, 85.70, 84.89, 85.49, 2031745
12/24/15, 85.98, 86.15, 85.47, 85.85, 1486939
12/23/15, 86.36, 86.87, 86.13, 86.20, 2804151
12/22/15, 86.27, 86.47, 85.27, 85.91, 2446147
12/21/15, 85.72, 86.45, 85.15, 86.04, 3742424
12/18/15, 85.57, 85.98, 84.77, 84.77, 5821341
12/17/15, 86.75, 87.205, 86.20, 86.22, 3928182
12/16/15, 86.00, 86.58, 84.05, 86.29, 2983581
12/15/15, 85.18, 85.98, 85.02, 85.52, 3975544
12/14/15, 83.36, 84.71, 82.97, 84.68, 5208748
12/11/15, 83.80, 84.38, 83.12, 83.29, 3738162
12/10/15, 84.23, 85.51, 83.36, 84.91, 3667232
12/09/15, 86.02, 86.32, 83.57, 83.86, 5479503
12/08/15, 85.62, 87.67, 85.565, 86.41, 4761004
12/07/15, 87.45, 88.16, 85.89, 86.38, 4379047
12/04/15, 83.47, 87.28, 83.43, 86.62, 6987575
12/03/15, 84.65, 84.84, 82.56, 83.06, 3669847
12/02/15, 86.26, 86.73, 84.42, 84.56, 4444794
12/01/15, 84.21, 86.53, 83.34, 86.50, 7368925
11/30/15, 83.76, 84.03, 82.04, 82.04, 6563306
11/27/15, 83.77, 84.25, 83.60, 83.65, 1253753
11/25/15, 83.88, 84.42, 83.55, 83.74, 2529703
11/24/15, 83.56, 84.32, 83.05, 83.88, 3431294
11/23/15, 84.50, 84.92, 84.12, 84.74, 4033055
11/20/15, 84.30, 85.50, 84.11, 84.47, 4251456
11/19/15, 83.20, 83.88, 82.725, 83.72, 3156077
11/18/15, 81.49, 83.755, 81.39, 83.65, 3916618
11/17/15, 80.93, 82.43, 80.63, 81.30, 3012797
11/16/15, 80.00, 81.255, 79.98, 81.23, 3318932
11/13/15, 79.66, 80.27, 79.18, 79.55, 3638556
11/12/15, 80.55, 80.76, 79.80, 79.86, 3647843
11/11/15, 80.10, 81.28, 79.97, 80.70, 3323442
11/10/15, 78.71, 80.32, 78.71, 80.06, 3302610
11/09/15, 80.03, 80.29, 78.58, 79.36, 4160242
11/06/15, 80.30, 80.59, 78.44, 80.46, 6082570
11/05/15, 81.00, 81.40, 79.66, 80.61, 3787191
11/04/15, 82.15, 82.15, 80.9271, 81.05, 3401909
11/03/15, 82.23, 82.54, 81.13, 81.67, 4826051
11/02/15, 81.14, 82.18, 80.81, 82.04, 3473936
10/30/15, 82.08, 82.55, 81.57, 81.57, 4044278
10/29/15, 82.30, 83.57, 81.29, 82.00, 5158560
10/28/15, 81.20, 83.10, 80.39, 83.07, 5710349
10/27/15, 79.50, 80.95, 79.50, 80.91, 4771583
10/26/15, 78.31, 79.8625, 77.7733, 79.11, 4755216
10/23/15, 77.55, 79.08, 77.27, 78.31, 5679211
10/22/15, 77.22, 77.84, 75.16, 76.98, 10075460
10/21/15, 78.23, 78.38, 75.92, 77.01, 8972478
10/20/15, 80.15, 80.34, 77.625, 77.79, 7458024
10/19/15, 81.13, 81.30, 79.47, 80.25, 5869929
10/16/15, 80.58, 81.53, 79.96, 81.51, 5519788
10/15/15, 79.34, 80.08, 78.81, 79.86, 6408613
10/14/15, 80.97, 82.00, 79.05, 79.25, 9495450
10/13/15, 79.79, 81.25, 79.54, 79.62, 10104710
10/12/15, 78.58, 80.75, 78.30, 79.44, 26477391
10/09/15, 85.33, 86.57, 85.00, 86.14, 5115109
10/08/15, 83.15, 83.99, 81.79, 83.77, 4595447
10/07/15, 84.30, 84.85, 82.40, 83.99, 5131882
10/06/15, 86.39, 86.5049, 82.08, 84.17, 5521178
10/05/15, 88.08, 88.48, 85.595, 86.57, 5298248
10/02/15, 84.16, 87.55, 83.59, 87.52, 5616559
10/01/15, 83.60, 85.32, 83.40, 85.18, 5350444
09/30/15, 81.53, 83.77, 81.50, 83.69, 6780650
09/29/15, 80.37, 82.20, 79.19, 80.28, 7315239
09/28/15, 83.68, 83.86, 78.50, 79.74, 8295079
09/25/15, 86.24, 86.43, 83.229, 84.06, 5794880
09/24/15, 86.45, 86.54, 85.08, 85.35, 5693539
09/23/15, 88.00, 88.42, 86.575, 86.69, 4863319
09/22/15, 86.82, 87.98, 86.62, 87.80, 5059529
09/21/15, 89.10, 89.81, 87.11, 87.59, 6644099
09/18/15, 90.70, 91.45, 88.38, 88.49, 11578010
09/17/15, 84.47, 92.85, 84.28, 89.98, 16918090
09/16/15, 84.10, 84.53, 82.61, 84.45, 3844983
09/15/15, 82.43, 83.36, 82.11, 82.96, 3532562
09/14/15, 81.92, 82.28, 81.28, 81.89, 3197225
09/11/15, 80.65, 81.85, 78.74, 81.80, 3645932
09/10/15, 81.12, 81.67, 80.50, 80.84, 3667668
09/09/15, 83.45, 83.50, 80.89, 81.09, 2839556
09/08/15, 81.46, 82.975, 81.26, 82.88, 2643642
09/04/15, 80.64, 81.11, 79.68, 80.32, 3416402
09/03/15, 82.05, 82.86, 81.34, 81.60, 3227676
09/02/15, 80.71, 81.83, 80.30, 81.81, 3257865
09/01/15, 80.25, 81.25, 79.40, 79.80, 4300485
08/31/15, 83.41, 84.42, 82.05, 82.35, 3445314
08/28/15, 83.74, 84.00, 82.77, 83.19, 4861447
08/27/15, 81.79, 84.04, 81.71, 83.74, 4703371
08/26/15, 79.88, 81.30, 77.77, 81.10, 7217763
08/25/15, 82.19, 82.60, 77.86, 78.26, 6439046
08/24/15, 81.60, 82.964, 79.50, 80.73, 8620731
08/21/15, 86.98, 87.70, 84.53, 84.53, 8320004
08/20/15, 86.86, 88.95, 85.81, 87.33, 10887660
08/19/15, 83.14, 84.5318, 82.57, 83.77, 2651346
08/18/15, 83.83, 83.99, 83.23, 83.39, 2241397
08/17/15, 83.26, 83.78, 82.93, 83.47, 2814715
08/14/15, 82.91, 83.95, 82.79, 83.91, 2280244
08/13/15, 83.20, 83.75, 82.89, 83.03, 2253924
08/12/15, 82.71, 83.50, 81.64, 83.38, 2870245
08/11/15, 82.81, 83.75, 82.73, 83.54, 3205573
08/10/15, 82.82, 83.77, 82.44, 83.51, 3211620
08/07/15, 82.50, 82.69, 80.65, 82.27, 4545326
08/06/15, 85.14, 85.14, 81.24, 82.70, 3866491
08/05/15, 84.68, 85.08, 83.97, 84.73, 3776772
08/04/15, 84.49, 84.99, 83.85, 84.05, 2848178
08/03/15, 84.81, 85.00, 83.53, 84.14, 4815748
07/31/15, 84.88, 85.255, 84.38, 84.51, 4113617
07/30/15, 84.26, 84.97, 83.975, 84.54, 3867841
07/29/15, 85.91, 85.99, 84.71, 85.09, 2711842
07/28/15, 84.71, 85.70, 84.50, 85.68, 3027811
07/27/15, 84.50, 84.61, 83.34, 84.15, 5420647
07/24/15, 86.00, 86.21, 84.16, 84.72, 3460289
07/23/15, 89.06, 89.87, 85.62, 86.76, 5258534
07/22/15, 83.32, 86.80, 81.50, 86.38, 12677760
07/21/15, 87.58, 87.69, 85.52, 85.57, 8065318
07/20/15, 87.70, 87.92, 87.27, 87.87, 4320467
07/17/15, 87.00, 87.435, 86.62, 87.37, 4430068
07/16/15, 86.80, 87.46, 86.58, 87.17, 5578027
07/15/15, 87.79, 88.17, 86.10, 86.38, 6615885
07/14/15, 89.05, 89.10, 87.85, 88.76, 6028749
07/13/15, 89.14, 90.18, 88.67, 88.82, 5940508
07/10/15, 88.30, 88.46, 87.70, 88.29, 4471173
07/09/15, 88.00, 88.31, 86.90, 87.48, 4767588
07/08/15, 88.27, 88.50, 87.17, 87.25, 5330041
07/07/15, 86.64, 88.78, 86.0601, 88.73, 6912265
07/06/15, 85.31, 86.44, 85.25, 86.35, 5062868
07/02/15, 85.21, 86.24, 84.69, 86.14, 5128085
07/01/15, 83.80, 84.96, 83.60, 84.85, 3629052
06/30/15, 84.50, 84.57, 83.385, 83.49, 4261232
06/29/15, 85.35, 85.58, 83.73, 83.78, 4441878
06/26/15, 85.19, 85.93, 84.58, 85.85, 14369760
06/25/15, 84.16, 86.90, 84.08, 84.80, 9630071
06/24/15, 82.50, 83.08, 82.26, 82.26, 4212053
06/23/15, 83.75, 83.75, 82.45, 82.67, 3643465
06/22/15, 83.30, 83.44, 82.85, 82.92, 3537136
06/19/15, 82.47, 83.21, 82.32, 82.63, 6906964
06/18/15, 83.89, 84.37, 82.75, 83.04, 7251541
06/17/15, 84.68, 84.68, 83.0101, 83.53, 5968167
06/16/15, 83.91, 85.32, 83.63, 84.78, 5694510
06/15/15, 83.57, 84.61, 83.09, 84.08, 5462684
06/12/15, 85.89, 86.00, 83.09, 84.21, 12630480
06/11/15, 83.11, 87.24, 83.08, 86.59, 16740830
06/10/15, 81.99, 83.49, 81.3099, 83.18, 13169400
06/09/15, 78.37, 82.89, 78.01, 82.77, 10109120
06/08/15, 77.98, 78.85, 77.83, 78.52, 6065922
06/05/15, 77.56, 78.26, 76.99, 78.12, 2788911
06/04/15, 77.34, 78.60, 77.33, 77.68, 3786541
06/03/15, 78.00, 78.17, 77.28, 77.83, 3270783
06/02/15, 78.76, 78.76, 77.51, 77.95, 4467656
06/01/15, 78.92, 79.85, 78.78, 79.00, 4866506
05/29/15, 76.15, 79.55, 76.02, 78.90, 11917010
05/28/15, 74.80, 76.48, 74.74, 76.41, 4823625
05/27/15, 74.36, 74.985, 74.14, 74.90, 2901144
05/26/15, 73.96, 74.37, 73.82, 74.31, 4194593
05/22/15, 74.05, 74.33, 73.87, 74.30, 3023455
05/21/15, 73.34, 74.35, 73.18, 74.27, 3288196
05/20/15, 73.45, 73.69, 73.18, 73.36, 1980264
05/19/15, 72.82, 73.5801, 72.63, 73.45, 3548349
05/18/15, 73.05, 73.09, 72.62, 72.94, 2161951
05/15/15, 73.23, 73.421, 72.59, 72.90, 3464436
05/14/15, 72.68, 73.22, 72.43, 73.06, 3364320
05/13/15, 72.76, 73.23, 72.485, 72.80, 2682120
05/12/15, 73.14, 73.14, 72.31, 72.44, 3152768
05/11/15, 73.26, 73.99, 73.19, 73.47, 2958556
05/08/15, 72.50, 73.70, 72.50, 73.26, 3713259
05/07/15, 71.75, 72.29, 71.715, 71.82, 3628081
05/06/15, 71.97, 72.28, 71.5404, 72.05, 3567635
05/05/15, 72.83, 72.97, 71.82, 71.91, 3735944
05/04/15, 73.25, 73.59, 72.85, 73.05, 4040680
05/01/15, 72.26, 73.33, 71.25, 73.12, 6533359
04/30/15, 71.96, 72.605, 71.43, 71.87, 5479276
04/29/15, 71.86, 72.82, 71.84, 72.28, 6789580
04/28/15, 70.62, 71.28, 70.20, 71.18, 4557987
04/27/15, 71.93, 72.17, 70.63, 70.89, 5328390
04/24/15, 72.22, 72.43, 71.26, 71.58, 3816293
04/23/15, 72.88, 72.94, 71.07, 72.40, 5448691
04/22/15, 72.47, 72.47, 71.88, 72.30, 3506094
04/21/15, 72.98, 73.12, 72.06, 72.21, 4048368
04/20/15, 73.00, 73.26, 72.295, 72.41, 2540441
04/17/15, 73.01, 73.20, 71.96, 72.47, 4386676
04/16/15, 73.61, 74.00, 73.39, 73.49, 2880028
04/15/15, 73.54, 74.02, 73.30, 73.71, 4358672
04/14/15, 73.30, 73.75, 73.10, 73.46, 3950577
04/13/15, 73.28, 73.64, 73.11, 73.52, 4351469
04/10/15, 72.50, 73.98, 72.25, 73.92, 3956443
04/09/15, 72.22, 72.56, 71.90, 72.36, 2595768
04/08/15, 71.92, 72.28, 71.54, 72.15, 3215367
04/07/15, 71.25, 72.08, 71.18, 71.70, 3128125
04/06/15, 71.13, 71.71, 70.84, 71.31, 3936936
04/02/15, 71.46, 71.78, 70.53, 71.24, 3781771
04/01/15, 72.92, 72.9695, 71.07, 71.53, 5875832
03/31/15, 73.35, 73.98, 72.65, 72.65, 4347972
03/30/15, 74.00, 74.20, 73.67, 73.87, 3370676
03/27/15, 73.62, 73.99, 73.20, 73.58, 4171638
03/26/15, 74.00, 74.35, 73.42, 73.44, 4023488
03/25/15, 75.66, 76.48, 74.36, 74.36, 5431622
03/24/15, 76.27, 76.70, 75.365, 75.56, 5111636
03/23/15, 76.02, 77.46, 75.95, 76.36, 6284369
03/20/15, 75.22, 76.20, 74.54, 76.12, 10713860
03/19/15, 73.26, 74.58, 72.59, 74.22, 7051185
03/18/15, 70.90, 74.17, 70.69, 73.54, 6436170
03/17/15, 70.71, 71.26, 70.335, 70.84, 2572519
03/16/15, 70.27, 71.395, 70.18, 71.07, 3922290
03/13/15, 69.41, 70.05, 69.139, 69.89, 3223780
03/12/15, 68.75, 69.63, 68.54, 69.56, 2724035
03/11/15, 68.89, 69.33, 68.411, 68.46, 3424474
03/10/15, 69.12, 69.43, 68.55, 68.78, 3664855
03/09/15, 68.74, 69.74, 68.42, 69.58, 5848027
03/06/15, 70.26, 70.26, 68.31, 68.41, 5880780
03/05/15, 70.74, 71.09, 70.40, 70.59, 3465948
03/04/15, 70.01, 70.82, 69.81, 70.65, 3005143
03/03/15, 71.12, 71.15, 70.09, 70.37, 4137279
03/02/15, 70.16, 71.14, 70.16, 71.12, 3815118
02/27/15, 69.95, 70.50, 69.91, 70.17, 3353235
02/26/15, 70.17, 70.31, 69.54, 70.03, 4544903
02/25/15, 70.87, 70.87, 70.05, 70.36, 3029749
02/24/15, 71.00, 71.50, 70.51, 70.90, 3158601
02/23/15, 71.81, 71.92, 70.71, 71.09, 3378585
02/20/15, 70.97, 71.96, 70.27, 71.88, 3461776
02/19/15, 70.83, 71.29, 70.7721, 71.12, 2337021
02/18/15, 71.41, 71.45, 70.20, 71.01, 3800044
02/17/15, 70.41, 71.625, 70.30, 71.56, 3971629
02/13/15, 70.69, 70.89, 70.19, 70.56, 2692385
02/12/15, 70.19, 70.55, 69.83, 70.53, 3383464
02/11/15, 70.00, 70.62, 69.6966, 69.95, 3456378
02/10/15, 70.11, 70.56, 69.89, 70.50, 6887963
02/09/15, 70.00, 70.26, 69.38, 69.61, 3771228
02/06/15, 71.16, 71.39, 70.235, 70.36, 3246009
02/05/15, 70.70, 71.57, 70.68, 71.41, 3846977
02/04/15, 70.23, 70.49, 69.77, 70.22, 5376408
02/03/15, 71.59, 71.64, 69.85, 70.89, 6811485
02/02/15, 71.87, 72.00, 70.23, 71.69, 6274504
01/30/15, 73.02, 73.47, 71.58, 72.00, 6720105
01/29/15, 70.97, 72.16, 70.42, 72.11, 4416774
01/28/15, 72.11, 72.38, 70.76, 70.97, 3105294
01/27/15, 71.76, 72.14, 71.45, 71.73, 3661642
01/26/15, 71.86, 72.17, 71.06, 72.11, 3466643
01/23/15, 72.46, 72.86, 72.05, 72.13, 2903225
01/22/15, 72.69, 72.695, 71.64, 72.46, 4582818
01/21/15, 71.62, 72.50, 71.11, 72.24, 5195883
01/20/15, 70.87, 72.0957, 70.87, 72.03, 6163325
01/16/15, 69.59, 70.88, 69.44, 70.68, 4263309
01/15/15, 70.44, 71.27, 69.73, 69.74, 4054993
01/14/15, 68.77, 69.88, 68.71, 69.76, 3376087
01/13/15, 70.07, 70.80, 68.81, 69.38, 3364784
01/12/15, 70.22, 70.61, 69.28, 69.42, 5797635
01/09/15, 70.03, 70.11, 69.01, 69.93, 8141699
01/08/15, 70.00, 71.49, 69.66, 70.87, 7472181
01/07/15, 70.03, 70.529, 68.45, 69.23, 9042973
01/06/15, 69.92, 70.91, 69.20, 69.72, 5127426
01/05/15, 69.73, 70.09, 69.15, 69.37, 4845547
01/02/15, 69.77, 70.8199, 69.72, 70.06, 3146155